structure(list(RK = c(1, 2, 3, 4, 5, 6, 7, 8, 9, 10, 11, 12, 
13, 14, 15, 16, 17, 18, 19, 20, 21, 22, 23, 24, 25, 26, 27, 28, 
29, 30, 31, 32, 33, 34, 35, 36, 37, 38, 39, 40, 41, 42, 43, 44, 
45, 46, 47, 48, 49, 50, 51, 52, 53, 54, 55, 56, 57, 58, 59, 60, 
61, 62, 63, 64, 65, 66, 67, 68, 69, 70, 71, 72, 73, 74, 75, 76, 
77, 78, 79, 80, 81, 82, 83, 84, 85, 86, 87, 88, 89, 90, 91, 92, 
93, 94, 95, 96, 97, 98, 99, 100, 101, 102, 103, 104, 105, 106, 
107, 108, 109, 110, 111, 112, 113, 114, 115, 116, 117, 118, 119, 
120, 121, 122, 123, 124, 125, 126, 127, 128, 129, 130, 131, 132, 
133, 134, 135, 136, 137, 138, 139, 140, 141, 142, 143, 144, 145, 
146, 147, 148, 149, 150, 151, 152, 153, 154, 155, 156, 157, 158, 
159, 160, 161, 162, 163, 164, 165, 166, 167, 168, 169, 170, 171, 
172, 173, 174, 175, 176, 177, 178, 179, 180, 181, 182, 183, 184, 
185, 186, 187, 188, 189, 190, 191, 192, 193, 194, 195, 196, 197, 
198, 199), YDS.DRIVE = c(311.4, 310.2, 309.1, 308.3, 307.1, 306.7, 
306.5, 305.5, 305.2, 305.2, 305, 304.8, 304, 303.7, 303.5, 302.8, 
302.8, 302.6, 302.1, 301.8, 301.5, 300.8, 300.5, 300.4, 299.8, 
298.8, 298.6, 298.6, 297.9, 297.6, 297.4, 297.3, 297.3, 297.3, 
296.9, 296.7, 296.7, 296.2, 296.1, 296, 295.8, 295.6, 295.1, 
295.1, 295, 294.8, 294.6, 294.3, 294, 294, 293.7, 293.6, 293.6, 
293.5, 293.4, 293.3, 293.2, 293.2, 292.9, 292.8, 292.6, 292.5, 
292, 291.9, 291.9, 291.7, 291.7, 291.7, 291.7, 291.2, 291.2, 
291.2, 291, 291, 290.9, 290.9, 290.8, 290.8, 290.8, 290.7, 290.5, 
290.5, 290.5, 290.3, 290.2, 289.6, 289.5, 289.2, 289.1, 289.1, 
288.9, 288.9, 288.7, 288.7, 288.7, 288.6, 288.6, 288.5, 288.4, 
288.1, 288.1, 287.9, 287.9, 287.7, 287.7, 287.7, 287.7, 287.6, 
287.5, 287.4, 287.4, 287.3, 287.2, 287.1, 287.1, 286.8, 286.7, 
286.7, 286.5, 286.5, 286.1, 286, 286, 286, 285.9, 285.9, 285.6, 
285.6, 285.4, 285.3, 285.2, 285.2, 284.9, 284.7, 284.7, 284.6, 
284.5, 284.5, 284.5, 284.5, 284.4, 284.3, 284.1, 284, 283.9, 
283.8, 283.7, 283.7, 283.7, 283.6, 283.4, 283.1, 283, 283, 282.9, 
282.7, 282.3, 281.7, 281.3, 281.1, 281, 280.9, 280.6, 280.6, 
280.4, 280.2, 280, 280, 279.7, 279.6, 279.2, 278.9, 278.9, 278.7, 
278.6, 278.4, 278.4, 278.4, 278.3, 278.3, 278.2, 277.3, 277.3, 
276.8, 275.9, 275.9, 275.5, 275.1, 274.7, 274.3, 273, 272.1, 
271.5, 271.1, 271.1, 270.8, 269.4, 268.8, 262.6), DRIVING.ACC. = c(52.5, 
53.6, 54.5, 53, 57, 58.1, 62.2, 45, 56.2, 58.9, 60.3, 51.3, 57.6, 
59.2, 57, 58.3, 52.2, 61.4, 51.4, 51.4, 57.7, 56.8, 50.5, 57.9, 
59.3, 60, 56.5, 55.8, 61.9, 60.7, 55.9, 64.4, 50.6, 54.7, 60.4, 
59.2, 64.5, 55.8, 54, 64.6, 62.4, 62.1, 63.6, 56.5, 53.9, 57.2, 
57.7, 58.4, 61.4, 57.4, 63.4, 59.1, 49.2, 61, 54.4, 64, 59.3, 
62.8, 58.8, 56.6, 55.1, 55.9, 61, 57.9, 52.4, 69.4, 65.2, 61.3, 
70.3, 53.8, 58.2, 58.5, 59.8, 60, 52, 61.6, 61.6, 56.9, 56, 67.5, 
66.1, 53, 68.2, 59.5, 62.3, 58.1, 57, 58.2, 63.5, 56.8, 51.7, 
56.9, 53.3, 62.2, 58.7, 57.5, 52.8, 46.9, 66, 60.9, 55.8, 63.7, 
57.6, 62.8, 74.5, 56.1, 62.4, 55.4, 62.5, 64.9, 59.2, 56.1, 62.8, 
61.5, 63.2, 59.9, 63.6, 64.4, 61.5, 59.7, 61, 57.9, 51.8, 51.8, 
68.9, 68, 49.7, 65.9, 64.4, 63.9, 59.1, 69.9, 59, 67.6, 60.9, 
58.9, 60, 55.6, 65.5, 60.2, 61.2, 66.4, 63.9, 56.9, 68.2, 64.2, 
66.9, 65.3, 57.9, 54.2, 56.9, 60, 47.9, 62.9, 66, 63.5, 58.3, 
66.9, 54.2, 68.4, 64.6, 59.8, 65.2, 69.7, 66.9, 66.6, 58.7, 53.6, 
64.6, 66.7, 59.6, 71.6, 66.7, 59.8, 59.1, 69.1, 64.1, 58.7, 64, 
65.2, 55.6, 58, 67.1, 64.2, 65.2, 60.8, 69.5, 72.2, 66.5, 65.4, 
69.4, 66.1, 72.2, 73.9, 69.3, 65, 64, 67.5, 71.6), DRVE.TOTAL = c(1, 
2, 3, 4, 5, 6, 7, 8, 9, 9, 11, 12, 13, 14, 15, 16, 16, 18, 19, 
20, 21, 22, 23, 24, 25, 26, 27, 27, 29, 30, 31, 32, 32, 32, 35, 
36, 36, 38, 39, 40, 41, 42, 43, 43, 45, 46, 47, 48, 49, 49, 51, 
52, 52, 54, 55, 56, 57, 57, 59, 60, 61, 62, 63, 64, 64, 66, 66, 
66, 66, 70, 70, 70, 73, 73, 75, 75, 77, 77, 77, 80, 81, 81, 81, 
84, 85, 86, 87, 88, 89, 89, 91, 91, 93, 93, 93, 96, 96, 98, 99, 
100, 100, 102, 102, 104, 104, 104, 104, 108, 109, 110, 110, 112, 
113, 114, 114, 116, 117, 117, 119, 119, 121, 122, 122, 122, 125, 
125, 127, 127, 129, 130, 131, 131, 133, 134, 134, 136, 137, 137, 
137, 137, 141, 142, 143, 144, 145, 146, 147, 147, 147, 150, 151, 
152, 153, 153, 155, 156, 157, 158, 159, 160, 161, 162, 163, 163, 
165, 166, 167, 167, 169, 170, 171, 172, 172, 174, 175, 176, 176, 
176, 179, 179, 181, 182, 182, 184, 185, 185, 187, 188, 189, 190, 
191, 192, 193, 194, 194, 196, 197, 198, 199), GREENS.IN.REG. = c(64.6, 
65.4, 66.7, 69.2, 66.8, 71.9, 68.1, 63.7, 65.7, 67.9, 69.3, 66.7, 
67.8, 69.4, 69.6, 69.9, 68.1, 71.1, 68, 60.9, 66, 68, 64.9, 70.6, 
66.4, 71.9, 66.7, 66.6, 71.4, 69.8, 67.6, 71.5, 64.2, 65.8, 68.4, 
69, 68.5, 65.8, 64.4, 66.8, 69, 65.5, 69, 62, 65.4, 65.3, 63.9, 
65.9, 65.6, 64.6, 69.9, 62.6, 65, 67.7, 64.6, 64.4, 62.7, 66.2, 
70, 65.2, 69.6, 68.1, 70.1, 62.6, 66.9, 70.5, 64.2, 64.3, 68.7, 
59.6, 62.6, 64.8, 65, 66.4, 63.4, 66.9, 64.8, 66, 64.7, 66.8, 
67, 61.9, 64.4, 63.5, 66.4, 63.9, 66.3, 63.3, 70.4, 66.9, 65.8, 
61.2, 65.1, 63.2, 61.4, 63.4, 64.7, 58.3, 64.4, 63.2, 64.1, 68.8, 
62.4, 65.9, 70.6, 64.9, 63.7, 62.6, 64.6, 68.5, 63.7, 66.7, 69.9, 
63.8, 65.2, 66, 63.8, 67.5, 66, 66.8, 69.1, 58.9, 61.5, 62.8, 
67.5, 67, 61.8, 67.9, 65.2, 64.2, 59.2, 72, 68.1, 65.7, 67.5, 
63.7, 65.4, 62.2, 63.2, 62.1, 65.1, 67.6, 64.4, 67.9, 63.3, 67.2, 
66, 67.6, 60.2, 59.4, 66.1, 65.8, 57.7, 60.7, 67.5, 64.5, 62.4, 
65.8, 65.7, 69.3, 65.9, 64.2, 68, 65.4, 67.4, 68, 64.6, 64.8, 
62.7, 64.6, 62.1, 67.6, 67.7, 61.2, 61.4, 67.1, 62.4, 54.5, 63.2, 
66.4, 62.9, 58.1, 59.3, 65.7, 65.9, 61.1, 62, 64.5, 58.6, 65.1, 
64.1, 59.6, 59.7, 67.2, 62.8, 64.9, 63.1, 66.3, 61.1), PUTT.AVG. = c(1.77, 
1.758, 1.727, 1.783, 1.787, 1.796, 1.792, 1.719, 1.778, 1.76, 
1.75, 1.786, 1.741, 1.775, 1.739, 1.786, 1.749, 1.753, 1.8, 1.905, 
1.788, 1.728, 1.759, 1.801, 1.752, 1.768, 1.755, 1.784, 1.742, 
1.814, 1.751, 1.782, 1.747, 1.769, 1.778, 1.76, 1.807, 1.77, 
1.755, 1.763, 1.812, 1.731, 1.796, 1.799, 1.715, 1.753, 1.774, 
1.823, 1.684, 1.796, 1.793, 1.766, 1.754, 1.763, 1.772, 1.794, 
1.762, 1.803, 1.807, 1.815, 1.791, 1.765, 1.72, 1.77, 1.826, 
1.781, 1.773, 1.771, 1.783, 1.769, 1.774, 1.751, 1.771, 1.748, 
1.789, 1.765, 1.777, 1.799, 1.828, 1.794, 1.778, 1.721, 1.799, 
1.806, 1.774, 1.77, 1.772, 1.728, 1.765, 1.767, 1.742, 1.732, 
1.757, 1.78, 1.805, 1.753, 1.778, 1.772, 1.802, 1.774, 1.743, 
1.78, 1.79, 1.732, 1.828, 1.793, 1.758, 1.734, 1.76, 1.745, 1.729, 
1.768, 1.811, 1.78, 1.76, 1.773, 1.728, 1.763, 1.754, 1.8, 1.789, 
1.763, 1.748, 1.793, 1.774, 1.713, 1.781, 1.788, 1.814, 1.782, 
1.756, 1.789, 1.832, 1.767, 1.782, 1.796, 1.773, 1.797, 1.806, 
1.77, 1.781, 1.755, 1.808, 1.774, 1.755, 1.783, 1.77, 1.807, 
1.764, 1.767, 1.783, 1.754, 1.768, 1.807, 1.738, 1.737, 1.76, 
1.726, 1.781, 1.766, 1.752, 1.784, 1.744, 1.755, 1.75, 1.76, 
1.73, 1.778, 1.734, 1.776, 1.759, 1.803, 1.772, 1.755, 1.785, 
1.719, 1.741, 1.775, 1.815, 1.737, 1.862, 1.762, 1.804, 1.736, 
1.781, 1.715, 1.783, 1.791, 1.78, 1.774, 1.76, 1.755, 1.757, 
1.763, 1.759, 1.802, 1.748, 1.792, 1.785), SAVE.PCT. = c(44.9, 
53.1, 41.9, 50.7, 50.6, 46.7, 50.5, 46.7, 51.5, 55.4, 50, 51.6, 
51.8, 57.1, 50, 46.8, 52.6, 63.5, 38, 30.2, 37.3, 59.6, 46, 47.8, 
63.8, 52.8, 49, 55.4, 52.7, 37.5, 58.1, 41.5, 37.7, 53.8, 51.6, 
41.2, 32.4, 47.5, 51, 55.7, 35.2, 53.2, 48.1, 41, 56, 44.7, 45.2, 
45.3, 56.9, 44.4, 54.2, 58, 49.5, 44.1, 38, 52.3, 45.6, 41, 38.7, 
43.4, 52.5, 58.3, 42.4, 56.8, 48.9, 52.6, 48.4, 44.4, 38.6, 44.6, 
53.1, 48.5, 45.2, 54.2, 47.6, 50, 51.6, 45.8, 52.2, 50, 38.1, 
57.5, 48.1, 49.4, 50, 51.4, 53.2, 45.3, 48.5, 45, 49.5, 63.6, 
48.6, 51.6, 45.6, 57.7, 58.3, 57.3, 43.4, 49.2, 44.9, 41.9, 44.8, 
51.4, 41.7, 50.6, 53.2, 53.4, 56.8, 54.1, 50.4, 37.9, 45.5, 58.6, 
42.3, 56.5, 53.8, 44.8, 41.7, 54.3, 47.6, 57.6, 46.1, 43.3, 50.9, 
54.4, 53.7, 53.4, 41, 47.1, 48.8, 52.8, 45.9, 62.7, 47.5, 44, 
40.2, 38.8, 46.2, 54.7, 59.2, 49.6, 49.4, 47, 43.2, 49.4, 55.8, 
46.8, 45.2, 47.7, 54.9, 50, 44.3, 54.3, 50.6, 47.7, 56.3, 46.4, 
55.7, 49.5, 50.6, 48.4, 55.6, 41.8, 44.8, 53.1, 57, 40.3, 61.5, 
52.7, 52.9, 44.9, 35.9, 56.5, 50.5, 44.3, 55.1, 59.6, 56, 51, 
61.1, 40.9, 42.9, 56.6, 50, 46.9, 52.1, 54.3, 58.5, 62.5, 48.1, 
42.9, 56.1, 52, 43.9, 58.6, 58.9, 66.7, 34.6), birdie.conversion = c(32.12, 
33.78, 37.53, 30.35, 29.09, 30.83, 29.81, 33.97, 30.97, 33.01, 
35.63, 30.6, 32.89, 29.78, 35.57, 28.38, 31.35, 32.83, 28.79, 
21.4, 29.3301554404145, 36.39, 33.45, 28.94, 30.88, 31.76, 31.13, 
32.2, 33.84, 27.12, 31.58, 27.97, 30.78, 31.08, 30.35, 30.9, 
28.04, 30.14, 30.6, 28.26, 28.32, 32.09, 25.86, 28.27, 34.83, 
29.76, 31.52, 25.06, 38.64, 27.69, 30.02, 30.58, 29.3301554404145, 
30.12, 28.86, 28.26, 30.16, 26.49, 27.92, 26.86, 29.34, 30.1, 
36.82, 29.81, 25.1, 32.84, 29.18, 29.91, 30.26, 29.51, 31, 32.07, 
30.37, 30.92, 28.67, 31.46, 29.68, 27.04, 24.22, 27.43, 30, 32.42, 
28.4, 26.88, 29.72, 29.3301554404145, 29.94, 33.69, 31.08, 29.42, 
30.05, 32.86, 30.43, 30.77, 25.58, 29.49, 29.3301554404145, 30.41, 
26.52, 29.07, 30.6, 28.39, 27.27, 31.08, 23.1, 27.93, 30.34, 
29.5, 31.97, 30.18, 32.36, 29.3301554404145, 25.83, 29.39, 29.5, 
26.92, 31.35, 29.71, 29.89, 25.34, 26.8, 29.17, 30.92, 27.33, 
27.94, 33.76, 28.42, 28.45, 29.3301554404145, 27.48, 29.63, 28.35, 
22.12, 31.69, 27.11, 26.59, 27.57, 26.57, 26.47, 29.33, 26.68, 
29.65, 25.53, 27.1, 30.95, 27.21, 27.38, 26.21, 28.03, 28.82, 
27.18, 30.88, 28.46, 25.2, 32.16, 31.34, 29.58, 30.28, 26.2, 
28.2, 30.74, 27.6, 30.76, 31.33, 28.35, 27.99, 32.08, 27.72, 
29.89, 28.31, 29.07, 26.85, 29.44, 28.48, 25.86, 31.08, 31.3, 
27.29, 24.55, 32.12, 21.77, 27.79, 27.07, 31.39, 25.92, 31.23, 
26.93, 25.25, 27.05, 28.09, 29.1, 29.28, 27.91, 28.05, 26.53, 
25, 28.82, 26.1, 25.38), BOUNCE.BACK = c(19.62, 24.49, 19.42, 
24.29, 15.28, 25.64, 20.67, 20.79, 24.14, 25.64, 20.69, 21.23, 
24.68, 22.79, 25.66, 24.67, 21.94, 21.98, 22.12, 14.42, 19.6753886010363, 
29.73, 18.24, 20.14, 23.49, 29.41, 21.97, 19.21, 27.16, 21.94, 
16.13, 17.07, 17.82, 21.53, 18.92, 22.29, 15.94, 21.08, 25.32, 
25.74, 24.86, 16.22, 20.25, 16.67, 25.32, 20.47, 19.87, 16.52, 
25.26, 21.67, 25.77, 21.14, 19.6753886010363, 18.71, 20.95, 19.33, 
21.64, 18.08, 19.23, 18.79, 21.52, 19.23, 31.68, 16.99, 15.97, 
21.84, 13.29, 23.81, 20.14, 22.38, 15.28, 20, 21.29, 17.24, 19.51, 
25, 15.85, 17.83, 15.72, 19.05, 21.23, 24.67, 21.9, 22.48, 16.43, 
19.6753886010363, 20, 21.92, 17.47, 22.67, 20.81, 22.5, 21.02, 
22.9, 11.19, 18.92, 19.6753886010363, 15.93, 24.32, 18.87, 19.15, 
16.11, 16.56, 22.41, 23.28, 19.58, 16.75, 21.15, 19.05, 21.63, 
22.22, 19.6753886010363, 11.76, 20.54, 20.74, 20, 15.56, 18.13, 
25.81, 20.24, 16.67, 15.76, 19.17, 15.03, 18.49, 24.46, 21.52, 
15.09, 19.6753886010363, 18.99, 12.2, 19, 15.53, 20.47, 16.95, 
17.42, 15.34, 17.83, 8.43, 16.55, 19.51, 16.67, 19.83, 23.21, 
22.07, 18.29, 21.74, 17.7, 16.29, 19.88, 21.43, 21.29, 14.52, 
15.79, 16, 22.12, 18.78, 20.41, 17.7, 21.99, 16.54, 15.6, 18.9, 
21.43, 19.28, 13.33, 23.64, 17.5, 17.99, 20.28, 17.26, 16.67, 
23.17, 20.51, 18.35, 27.27, 17.09, 16.56, 12.36, 12.12, 16.18, 
12.5, 18.18, 28.18, 18.42, 22.67, 19.16, 15.7, 17.7, 16.39, 17.19, 
21.7, 16, 17.9, 17.39, 13.64, 19.55, 23.15, 16.22), AVG. = c(124.13, 
121.07, 121.79, 124.91, 120.57, 120.99, 124.26, 125.35, 120.71, 
122.23, 119.53, 122.3, 115.18, 118.57, 118.9, 123.83, 118.89, 
118.12, 116.48, 120.74, 112.918808290155, 117.66, 115.08, 119.34, 
113.66, 122.86, 115.97, 117.1, 117.78, 118.36, 120.04, 115.54, 
115.94, 115.07, 113.93, 118.48, 116.03, 116.14, 116.03, 114.24, 
116.91, 115.35, 113.43, 115.6, 115.27, 111.28, 116.55, 120.72, 
111.89, 111.92, 117.46, 118.18, 112.918808290155, 116.74, 112.32, 
113.12, 115.25, 112.51, 117.33, 116.16, 117.64, 115.65, 112.57, 
113.32, 116.6, 118.93, 115.08, 111.75, 114.25, 109.99, 112.42, 
111.91, 113.29, 111.45, 115.65, 113.2, 111.4, 113.24, 114.8, 
114.23, 111.57, 115.86, 112.17, 112.56, 112.73, 112.918808290155, 
116.51, 112.3, 113.56, 118.31, 117.62, 110.85, 113.24, 111.24, 
113.19, 115.38, 112.918808290155, 117.2, 109.87, 111.56, 110.52, 
111.13, 109.71, 114.03, 111.42, 113.84, 110.4, 111.58, 111.46, 
111.02, 111.61, 112.918808290155, 116.53, 112.28, 111.88, 109.85, 
110.22, 112.26, 113.58, 113, 110.84, 113.27, 110.41, 110.31, 
108.68, 109.81, 111.66, 111.3, 112.918808290155, 108.76, 114.83, 
110.95, 110.94, 109.99, 112.95, 108.65, 111.75, 113.19, 112.26, 
112.38, 109.98, 111.72, 111.22, 111.07, 109.12, 110.04, 109.03, 
114.25, 111.87, 112.23, 110.28, 110.53, 107.55, 109.68, 108.61, 
106.62, 110.77, 107.25, 110.09, 110.48, 106.25, 108.84, 107.99, 
110.91, 109.37, 107.73, 112.95, 112.6, 110.16, 112.04, 108.35, 
106.58, 110.72, 107.96, 109.88, 108.72, 105.83, 107.14, 108.48, 
112.16, 106.88, 107.82, 107.56, 106.92, 105.95, 109.07, 107.51, 
106.47, 107.59, 106.17, 105.33, 107.21, 103.09, 105.54, 108.51, 
107.16, 108.46, 100.83, 100.08), FASTEST.SPEED = c(127.75, 127.3, 
124.19, 128.47, 124.41, 123.22, 128.44, 128.92, 126.7, 129.06, 
125.15, 126.4, 117.98, 123.69, 123.06, 126.85, 123.53, 122.39, 
122.73, 124, 117.221243523316, 122.56, 118.94, 124, 119.53, 127.62, 
118.7, 120.28, 123.03, 121.61, 124.18, 119.55, 122.29, 117.39, 
119.87, 122.54, 120.12, 118.16, 120.41, 117.19, 121.19, 121.25, 
116.16, 118.79, 118.39, 115.57, 119.61, 124.77, 115.52, 116.62, 
121.93, 120.86, 117.221243523316, 122.64, 115.38, 116.35, 117.55, 
116.68, 121.64, 119.05, 122.03, 123.24, 116.2, 115.27, 120.09, 
122.47, 121.67, 115.78, 117.57, 114.37, 117.1, 114.99, 117.71, 
115.03, 120.89, 117.97, 114.95, 117.49, 118.81, 117.48, 116.4, 
121.16, 116.1, 116.76, 116.69, 117.221243523316, 118.9, 114.98, 
117.52, 122.61, 123.26, 113.91, 116.41, 115.52, 116.45, 119.6, 
117.221243523316, 121.64, 111.37, 113.59, 116.61, 115.67, 113.4, 
119.3, 114.12, 118.03, 114.32, 116.23, 114.41, 114.88, 115.84, 
117.221243523316, 118.53, 116.79, 115.69, 112.55, 118, 116.02, 
116.54, 116.32, 115.49, 119.07, 114.48, 116.42, 111.74, 113.05, 
113.84, 116.48, 117.221243523316, 112.73, 119.07, 115.31, 115.56, 
115.49, 117.01, 111.93, 122.68, 117.88, 116.08, 117.93, 114.8, 
117.76, 114.45, 116.37, 111.97, 127.54, 115.08, 117.62, 115.64, 
115.76, 113.78, 114.46, 115.38, 113.11, 112.55, 109.52, 114.03, 
109.68, 116.8, 117.29, 108.61, 113.33, 113.71, 114.87, 114.13, 
112.55, 116.22, 116.49, 120.1, 117.2, 112.22, 117.64, 114.82, 
112.3, 114.27, 111.9, 111.04, 111.2, 110.74, 117.88, 113.01, 
111.17, 112.67, 111.74, 108.9, 111.37, 111.54, 110.12, 110.24, 
112.63, 108.54, 112.04, 105.93, 108.97, 111.87, 112.35, 112.6, 
106.63, 104.94), SLOWEST.SPEED = c(120.77, 117.12, 118.92, 121.68, 
116.57, 118.42, 120.98, 121.67, 116.96, 117.23, 116.75, 119.14, 
111.42, 115.38, 116.11, 120.7, 115.26, 113.17, 111.54, 118.28, 
109.338031088083, 113.99, 111.75, 116.03, 109.92, 115.85, 112.77, 
114.09, 114.52, 114.4, 116.96, 112.12, 110.18, 111.86, 110.06, 
115.03, 113.44, 113.77, 112.12, 111.26, 113.58, 112.44, 111.08, 
111.79, 111.35, 107.99, 112.53, 115.7, 108.7, 107.92, 109.94, 
114.8, 109.338031088083, 113.03, 107.58, 110.29, 112.06, 108.72, 
114.17, 113.76, 114.34, 111.42, 110.16, 109.93, 112.92, 114.99, 
111.97, 108.06, 110.49, 106.89, 108.9, 108.31, 106.38, 107.86, 
111.95, 110.82, 107.7, 109.79, 111.49, 111.41, 107.62, 112.61, 
108.74, 108.74, 109.74, 109.338031088083, 112.87, 108.85, 110.44, 
114.83, 113.53, 107.28, 110.16, 107.94, 109.26, 111.61, 109.338031088083, 
114.2, 108.5, 108.39, 107.82, 107.75, 106, 107.37, 108.64, 109.98, 
106.56, 108.34, 107.73, 106.65, 107.7, 109.338031088083, 112.52, 
107.99, 108.6, 106.41, 107.39, 109.31, 108.01, 110.49, 107.8, 
109.42, 107.88, 106.63, 105.81, 106.19, 108.91, 107.08, 109.338031088083, 
105.55, 109.59, 107.64, 107.16, 105.63, 110.22, 105.88, 107.78, 
108.64, 110.52, 109.17, 106.36, 107.56, 107.75, 106.76, 105.78, 
104.8, 105.07, 109.94, 105.8, 106.59, 107.94, 105.73, 104.54, 
106.53, 104.94, 102.83, 108.04, 105.3, 106.48, 106.61, 102.74, 
105.85, 104.8, 107.63, 106.19, 102.7, 109.54, 109.68, 105.93, 
108.34, 105.35, 103.95, 105.76, 104.95, 106.95, 105.8, 103.3, 
101.87, 104.83, 108.74, 103.64, 105.29, 104.01, 103.76, 102.92, 
106.51, 103.88, 101.98, 104.01, 101.49, 103.6, 103.45, 100.94, 
101.01, 105.16, 103.06, 104.85, 96.6, 96.36), GOING.FOR.THE.GREEN.. = c(75.14, 
68.28, 68.03, 71.17, 65.36, 78.35, 58.56, 70.49, 64.45, 67.79, 
81.82, 70.99, 65.97, 59.65, 72.65, 72.04, 57.21, 78.57, 60.36, 
50, 49.8881865284974, 71.3, 70.19, 69.49, 65.76, 80, 61.35, 61.11, 
75.68, 59.68, 67.22, 55.67, 57.62, 52.35, 64.19, 58.89, 58.96, 
54.88, 55, 50.33, 59.2, 59.84, 49.28, 60.28, 66.94, 53.27, 62.12, 
50.96, 59.84, 50, 64.49, 59.04, 49.8881865284974, 56.76, 54.91, 
51.61, 57.22, 51.71, 54.24, 47.89, 58.1, 49.45, 66.41, 50, 52.99, 
67.44, 64.98, 45, 59.15, 56.72, 54.55, 43.18, 48.95, 54.76, 48.1, 
56.29, 45.91, 56.71, 45.66, 53.16, 55.9, 47.13, 50.75, 54.08, 
58.42, 49.8881865284974, 54.1, 60.47, 54.38, 49.44, 43.28, 55.25, 
50, 62.11, 43.55, 47.5, 49.8881865284974, 47.65, 39.06, 49.32, 
47.06, 47.4, 55.7, 57.78, 41.67, 49.17, 45.91, 46.15, 58.62, 
49.56, 57.44, 49.8881865284974, 48.44, 53.52, 41.67, 37.98, 51.75, 
39.88, 53.33, 48.21, 49.14, 50.68, 48.6, 45.05, 49.5, 59.03, 
45.12, 54.31, 49.8881865284974, 44.03, 41.18, 47.37, 41.29, 59.59, 
45.67, 51.04, 45.36, 48.89, 61.19, 30.91, 45.35, 52.05, 45.89, 
38.61, 51.66, 39.05, 47.57, 51.05, 50.55, 47.83, 38.51, 40.72, 
32.84, 51.75, 48.1, 31.15, 40.45, 40.34, 34.06, 47.5, 39.08, 
35.05, 50, 52.43, 39.51, 32.26, 40.66, 34.13, 34.83, 47.39, 32.65, 
30.77, 39.73, 33.78, 41.21, 45.11, 35.12, 35.1, 28.21, 45.89, 
32.67, 32.11, 33.33, 25.95, 33.78, 23.86, 38.71, 37.04, 25.74, 
27.01, 27.59, 28.92, 12.9, 27.64, 34.12, 28.66, 23.28, 14.47, 
7.46), HIT.FAIRWAY.PCT = c(51.01, 54.39, 54.22, 52.9, 56.01, 
53.56, 61.51, 45.56, 56.84, 57.4, 59, 49.91, 57.88, 58.97, 57.53, 
59.47, 50.91, 60.64, 51.61, 52.77, 59.9711398963731, 56.95, 50.09, 
56.43, 60.72, 60.62, 55.23, 54.59, 64.15, 60.26, 55.63, 63.57, 
51.07, 56.11, 60.34, 58.9, 62.47, 54.71, 53.06, 64.08, 60.93, 
60.04, 61.13, 57.09, 53.77, 57.61, 57.75, 57.49, 61.58, 56.93, 
61.6, 56.63, 59.9711398963731, 58.69, 55.21, 62.57, 57.88, 61.61, 
54.43, 55.43, 55.41, 53.64, 60.53, 56.02, 51.22, 68.73, 64.39, 
59.03, 69.32, 53.75, 58.6, 57.06, 59.68, 59.59, 53.2, 62.83, 
60.76, 55.43, 55.9, 65.74, 66.67, 54.55, 67.76, 57.63, 61.88, 
59.9711398963731, 52.12, 55.49, 61.33, 55.92, 52.02, 57.36, 54.51, 
61.22, 57.92, 54.64, 59.9711398963731, 46.84, 67.62, 60.43, 53.85, 
62.06, 56.94, 63.41, 73.39, 56.8, 60.96, 56.33, 61.12, 65.47, 
57, 59.9711398963731, 61.26, 61.62, 62.88, 59.59, 60.49, 63.97, 
60.65, 60.58, 59.91, 57.41, 50.58, 50.61, 67.91, 66.79, 48.62, 
67.49, 59.9711398963731, 64.38, 57.37, 69.41, 59.17, 69.46, 58.17, 
58.39, 58.49, 57.78, 65.06, 58.33, 62.05, 66.41, 61.4, 57.19, 
67.85, 62.5, 67.24, 64.13, 59.25, 55.73, 54.92, 58.86, 48.83, 
60.28, 64.81, 62.79, 59.37, 65.17, 55.23, 68.05, 65.45, 61.7, 
65.06, 70.11, 65.38, 66.96, 58.11, 52.94, 62.94, 65.96, 59.73, 
71.13, 69.92, 59.67, 57.7, 68.44, 64.86, 56.32, 61.64, 63.03, 
56.6, 57.3, 64.18, 61.73, 62.03, 60.23, 69.83, 70.88, 67.15, 
64.14, 67.5, 67.74, 69.41, 74.1, 68.38, 64.61, 63.59, 66.6, 69.44
), ONE.PUTT.PCT = c(40.02, 42.84, 41.25, 36.9, 36.74, 35.66, 
38.63, 41.92, 40.71, 40.48, 39.71, 40.46, 39.98, 36.22, 40.91, 
36.44, 39.53, 37.81, 34.94, 35.47, 39.3019689119171, 44.11, 41.22, 
35.56, 41.72, 36.7, 38.05, 37.86, 39.97, 34.04, 38.22, 37.23, 
38.45, 39.67, 36.43, 37.04, 34.03, 40.62, 40.48, 39.37, 35.4, 
41.67, 33.97, 39.49, 44.44, 40.39, 38.08, 37.57, 44.72, 37.52, 
37.78, 39.39, 39.3019689119171, 38.48, 39.53, 36.27, 40.64, 36.07, 
33.45, 34.98, 39.54, 39.58, 41.87, 41.37, 35.97, 37.33, 39.86, 
40.09, 36.33, 41.53, 40.9, 38.89, 37.84, 40.63, 38.35, 39.25, 
39.68, 38.32, 36.06, 37.16, 38.36, 45.76, 37.3, 38.62, 39.32, 
39.3019689119171, 38.89, 43.76, 37.9, 38.79, 40.71, 43.87, 39.83, 
40.42, 37.61, 41.41, 39.3019689119171, 40.7, 39.3, 39.58, 42.06, 
37.18, 39.67, 41.03, 33.46, 37.32, 41.67, 41.6, 40.94, 37.48, 
42.24, 39.3019689119171, 34.72, 39.58, 38.45, 38.37, 41.49, 39.28, 
38.48, 35.79, 36.31, 42.28, 43.25, 39.68, 40.28, 40.71, 44, 37.79, 
39.3019689119171, 37.22, 41.59, 36.85, 31.89, 41.04, 37.28, 39.64, 
38.51, 37.35, 36.81, 41.96, 39.76, 39.52, 38.77, 36.89, 38.26, 
36.78, 37.52, 36.35, 42.75, 40.14, 37.01, 40.71, 41.89, 39.63, 
40.33, 39.35, 41.99, 41.44, 38.67, 36.82, 40.11, 38.73, 40.67, 
39.54, 38.4, 38.27, 42.97, 39.03, 43.46, 40.01, 42.09, 36.11, 
38.17, 43.8, 38.89, 40.57, 42.86, 45.24, 40.23, 40.91, 34.23, 
39.49, 38.56, 43.4, 37.59, 45.4, 40.63, 40.38, 41.59, 40.63, 
43.16, 39.81, 42.26, 40.69, 41.03, 37.5, 41.96, 39.02, 38.15), 
    PAR.5 = c(4.57, 4.67, 4.57, 4.52, 4.63, 4.53, 4.62, 4.57, 
    4.59, 4.62, 4.45, 4.58, 4.5, 4.54, 4.5, 4.58, 4.56, 4.53, 
    4.67, 4.92, 4.67875647668394, 4.52, 4.54, 4.61, 4.62, 4.6, 
    4.67, 4.56, 4.51, 4.75, 4.58, 4.58, 4.76, 4.74, 4.61, 4.75, 
    4.7, 4.63, 4.64, 4.76, 4.72, 4.62, 4.66, 4.83, 4.55, 4.71, 
    4.66, 4.68, 4.55, 4.73, 4.63, 4.58, 4.67875647668394, 4.62, 
    4.69, 4.75, 4.66, 4.66, 4.63, 4.66, 4.66, 4.67, 4.58, 4.76, 
    4.79, 4.57, 4.6, 4.68, 4.69, 4.69, 4.61, 4.61, 4.68, 4.67, 
    4.71, 4.68, 4.71, 4.65, 4.68, 4.63, 4.61, 4.66, 4.79, 4.75, 
    4.63, 4.67875647668394, 4.65, 4.7, 4.63, 4.64, 4.77, 4.64, 
    4.65, 4.75, 4.71, 4.72, 4.67875647668394, 4.83, 4.77, 4.56, 
    4.65, 4.71, 4.71, 4.62, 4.76, 4.78, 4.72, 4.7, 4.69, 4.6, 
    4.6, 4.67875647668394, 4.76, 4.66, 4.69, 4.75, 4.73, 4.75, 
    4.6, 4.68, 4.63, 4.77, 4.66, 4.75, 4.69, 4.61, 4.68, 4.6, 
    4.67875647668394, 4.68, 4.76, 4.65, 4.72, 4.67, 4.71, 4.74, 
    4.67, 4.81, 4.81, 4.75, 4.65, 4.66, 4.74, 4.7, 4.65, 4.8, 
    4.64, 4.67, 4.72, 4.7, 4.76, 4.63, 4.83, 4.65, 4.57, 4.77, 
    4.74, 4.79, 4.72, 4.65, 4.63, 4.77, 4.63, 4.63, 4.66, 4.75, 
    4.69, 4.75, 4.67, 4.64, 4.66, 4.72, 4.74, 4.71, 4.76, 4.64, 
    4.71, 4.74, 4.79, 4.72, 4.85, 4.72, 4.76, 4.75, 4.76, 4.7, 
    4.77, 4.72, 4.67, 4.72, 4.8, 4.83, 4.74, 4.65, 4.77, 4.73, 
    4.76, 4.71, 4.8), prox.to.hole = c(37.8, 40.3, 35, 37.4, 
    36.9, 36.5, 35.1, 38.7, 39.2, 36.11, 37.4, 39.5, 35.3, 37.6, 
    33.6, 39, 38.2, 38.11, 34.11, 36.8, 36.8688082901554, 39.11, 
    37.8, 37.11, 38.1, 38, 37.6, 36.4, 38.1, 35.7, 37.2, 35.1, 
    40.2, 36.8, 38.4, 36.2, 34.11, 37.4, 36.4, 35.4, 38.8, 36.9, 
    34.7, 39.6, 39.7, 35.7, 39, 38.6, 37, 37.7, 37.1, 37.1, 36.8688082901554, 
    35.1, 36.9, 37.1, 37.2, 35.11, 37.6, 37.5, 36.5, 37.2, 35.6, 
    40.2, 37.5, 37.9, 39.11, 35.7, 36.1, 42.5, 38.7, 35, 37.1, 
    36.3, 38.7, 38.1, 38.2, 37.6, 37.4, 35.8, 35.6, 38.5, 37.2, 
    38.9, 38.2, 36.8688082901554, 37.11, 39.1, 34.1, 37.9, 36.3, 
    39.6, 37.4, 40.1, 37.6, 33.11, 36.8688082901554, 41.1, 36.1, 
    37, 36.8, 36.8, 38.5, 37.9, 35.5, 37.1, 37.9, 39.7, 34.8, 
    35.9, 39.3, 36.8688082901554, 38.11, 39.6, 35.1, 34.1, 38.8, 
    33.1, 37.5, 37.1, 37.9, 38.9, 37.6, 37.1, 34.3, 35.6, 40.3, 
    36.1, 36.8688082901554, 37, 38.2, 35, 38.7, 36.9, 34.1, 38.9, 
    37.6, 39.9, 38.8, 35.7, 35.7, 36.1, 41, 35.9, 36.1, 35.9, 
    35.9, 38.4, 38.11, 37, 35.7, 37.11, 36.1, 39.1, 35.7, 32.1, 
    36.7, 36.7, 36.2, 36.8, 34.9, 34.9, 35.11, 35.4, 35.4, 33.3, 
    37, 35.11, 36.1, 37, 37.11, 34.2, 37.3, 36.8, 38.1, 35, 37.3, 
    40.4, 36.1, 36.1, 38, 38.2, 35.4, 33.11, 33.8, 36.3, 36.5, 
    33.1, 35.3, 34.9, 35.1, 35.9, 33.11, 34, 33.1, 36.6, 35.8, 
    33.9, 34.1), Putts.per.round = c(29, 28.63, 28.4, 29.51, 
    29.26, 29.9, 29.56, 28.36, 28.75, 29.07, 29.09, 29.04, 28.93, 
    29.62, 29.07, 29.81, 28.88, 29.5, 29.87, 30.77, 29.0382901554404, 
    28.18, 28.74, 30.07, 28.68, 29.73, 28.94, 29.35, 28.88, 30.48, 
    29.12, 29.67, 29.25, 29.08, 29.46, 29.59, 30.19, 28.72, 28.63, 
    28.93, 30.02, 28.29, 30.12, 29.35, 27.92, 28.78, 29.33, 29.74, 
    27.58, 29.35, 29.6, 28.51, 29.0382901554404, 29.13, 28.94, 
    29.56, 28.68, 29.55, 30.06, 30, 29.24, 29.16, 28.63, 29.02, 
    30, 29.72, 28.75, 29, 29.86, 28.7, 29.02, 29.06, 29.23, 28.63, 
    29.29, 29.13, 29.25, 29.14, 29.76, 29.48, 29.38, 27.56, 29.62, 
    29.24, 29.25, 29.0382901554404, 29.54, 28.31, 29.4, 29.2, 
    28.66, 27.88, 28.71, 29.63, 29.49, 28.51, 29.0382901554404, 
    28.73, 29.15, 28.75, 28.57, 29.58, 29, 28.6, 30.02, 29.41, 
    28.54, 28.32, 28.76, 29.35, 28.38, 29.0382901554404, 30.17, 
    28.65, 29.11, 28.81, 28.45, 29.21, 29.11, 29.67, 29.39, 28.42, 
    28.34, 28.86, 28.8, 28.6, 28.48, 29.41, 29.0382901554404, 
    29.3, 28.81, 29.59, 30.31, 28.89, 29.58, 28.9, 29.28, 29.25, 
    29.29, 28.81, 28.84, 28.95, 29.13, 29.23, 28.9, 29.69, 28.96, 
    29.43, 28.44, 28.37, 29.36, 28.96, 28.46, 29.11, 28.7, 28.97, 
    28.51, 28.62, 28.9, 29.27, 28.72, 29.08, 28.53, 28.79, 29, 
    29.1, 28.27, 29.26, 27.98, 28.84, 28.34, 29.9, 29.19, 28.16, 
    28.79, 28.56, 28.57, 27.73, 28.9, 28.64, 30.54, 28.86, 29.41, 
    28.19, 29.03, 27.72, 28.47, 28.83, 28.54, 28.71, 28.23, 28.73, 
    28.39, 28.84, 28.46, 29.31, 28.34, 28.89, 29.43), ROUGH.TENDENCY = c(35.5, 
    33.17, 33.76, 33.11, 31.8, 32.2, 27.41, 39.74, 32.31, 29.8, 
    29.09, 36.27, 28.31, 29.4, 29.66, 31.46, 36.46, 31.93, 35.22, 
    36.6, 29.2650259067358, 28.61, 36.27, 30.87, 27.99, 27.4, 
    33.21, 29.33, 25.79, 29.05, 33.28, 24.47, 35.87, 32.19, 28.95, 
    30.55, 25.77, 33.06, 33.44, 24.65, 30.71, 28.36, 27.94, 31.54, 
    32.16, 30.89, 31.21, 33.53, 27.21, 27.56, 28, 31.25, 29.2650259067358, 
    30.83, 34.55, 23.65, 30.04, 31.13, 33.61, 29.65, 32.19, 30.46, 
    31.58, 32.16, 36.34, 22.91, 25.06, 28.94, 23.22, 33.4, 28.84, 
    31.29, 29.12, 28.52, 35.1, 26.79, 27.75, 31.25, 31.02, 25.77, 
    24.47, 33.67, 21.02, 31.32, 27.84, 29.2650259067358, 36.02, 
    31.86, 27.27, 34.03, 35.18, 32.39, 33.58, 28.57, 26.47, 33.39, 
    29.2650259067358, 36.36, 20.95, 29.04, 33.43, 27.63, 31.94, 
    28.17, 21.19, 32.68, 28.09, 31.02, 28.76, 24.1, 31.82, 29.2650259067358, 
    24.32, 29.21, 26.04, 29.8, 28.4, 27.93, 31.42, 30.61, 29.02, 
    31.03, 36.48, 35.3, 24.23, 25.36, 37.24, 24.8, 29.2650259067358, 
    27.12, 30.16, 22.78, 31.58, 23.95, 30.77, 28.99, 30.56, 25.94, 
    26.91, 28.13, 28.34, 24.62, 29.57, 33.23, 23.18, 28.29, 24.68, 
    24.85, 28.42, 30.38, 34, 30.18, 38.81, 26.64, 26.09, 24.65, 
    29.49, 26.37, 35.56, 23.64, 23.93, 26.75, 26.64, 23.02, 26.66, 
    26.12, 32.74, 36.76, 28.85, 25.83, 30.31, 22.68, 25, 30.38, 
    31.48, 22.75, 26.84, 31.05, 28.85, 27.36, 32.08, 34.16, 26.55, 
    30.44, 29.32, 30.41, 20.11, 21.08, 24.5, 25.82, 23.93, 28.32, 
    24.67, 19.52, 22.34, 25.88, 25.93, 25.66, 22.62), SAND.SAVE.PERCENTAGE = c(44.86, 
    53.13, 41.94, 50.68, 50.63, 46.67, 50.45, 46.74, 51.52, 55.38, 
    50, 51.61, 51.79, 57.14, 50, 46.81, 52.58, 63.49, 38, 30.23, 
    49.589067357513, 59.62, 45.98, 47.83, 63.81, 52.83, 48.96, 
    55.43, 52.73, 37.5, 58.1, 41.46, 37.68, 53.75, 51.58, 41.18, 
    32.43, 47.47, 50.96, 55.7, 35.23, 53.25, 48.15, 40.96, 56, 
    44.66, 45.24, 45.31, 56.9, 44.44, 54.17, 58, 49.589067357513, 
    44.12, 38.04, 52.31, 45.61, 40.96, 38.67, 43.37, 52.54, 58.33, 
    42.37, 56.76, 48.94, 52.63, 48.44, 44.44, 38.55, 44.59, 53.09, 
    48.48, 45.16, 54.17, 47.56, 50, 51.59, 45.78, 52.17, 50, 
    38.1, 57.55, 48.1, 49.43, 50, 49.589067357513, 53.19, 45.35, 
    48.51, 45, 49.52, 63.64, 48.61, 51.65, 45.59, 57.69, 49.589067357513, 
    57.29, 43.4, 49.18, 44.9, 41.86, 44.83, 51.38, 41.67, 50.63, 
    53.23, 53.42, 56.82, 54.1, 50.44, 49.589067357513, 45.45, 
    58.57, 42.31, 56.45, 53.85, 44.83, 41.67, 54.29, 47.56, 57.63, 
    46.09, 43.27, 50.91, 54.43, 53.7, 53.4, 49.589067357513, 
    47.14, 48.75, 52.78, 45.95, 62.73, 47.54, 44.04, 40.19, 38.81, 
    46.15, 54.67, 59.18, 49.57, 49.35, 46.97, 43.24, 49.44, 55.79, 
    46.75, 45.22, 47.73, 54.88, 50, 44.26, 54.29, 50.57, 47.69, 
    56.3, 46.43, 55.68, 49.48, 50.56, 48.39, 55.56, 41.82, 44.79, 
    53.13, 57.01, 40.28, 61.47, 52.67, 52.94, 44.9, 35.9, 56.52, 
    50.52, 44.3, 55.1, 59.55, 56, 51, 61.11, 40.91, 42.86, 56.6, 
    50, 46.94, 52.07, 54.35, 58.46, 62.5, 48.15, 42.86, 56.1, 
    51.96, 43.9, 58.62, 58.91, 66.67, 34.62), SCORING.AVG = c(70.714, 
    70.795, 69.904, 70.494, 70.96, 70.457, 71.147, 71.11, 70.524, 
    70.387, 69.851, 70.786, 70.212, 70.844, 69.79, 71.133, 70.138, 
    70.009, 71.764, 74.754, 71.2574869109948, 69.822, 70.496, 
    71.026, 70.576, 70.236, 70.567, 70.776, 69.943, 71.704, 70.966, 
    70.54, 72.166, 71.197, 71.063, 70.899, 71.422, 70.639, 70.482, 
    70.949, 71.602, 70.428, 71.052, 72.48, 69.816, 71.333, 71.978, 
    72.388, 69.47, 71.885, 70.446, 70.624, 71.2574869109948, 
    70.548, 71.15, 71.243, 71.033, 71.275, 71.078, 71.657, 70.191, 
    70.437, 69.888, 71.958, 72.492, 70.809, 70.807, 71.943, 71.345, 
    71.921, 71.58, 71.359, 71.515, 70.459, 72.378, 70.645, 71.304, 
    71.056, 72.059, 71.23, 71.298, 70.906, 72.035, 71.755, 71.23, 
    71.2574869109948, 72.2, 70.978, 70.274, 70.894, 70.945, 71.154, 
    70.593, 72.47, 72.319, 71.099, 71.2574869109948, 73.947, 
    72.276, 70.677, 72.06, 71.355, 71.248, 70.796, 71.566, 71.755, 
    71.291, 70.847, 70.692, 70.845, 70.699, 71.2574869109948, 
    71.2574869109948, 71.392, 71.015, 71.598, 71.891, 71.499, 
    71.255, 71.812, 70.947, 71.769, 71.326, 71.274, 70.573, 70.489, 
    70.997, 70.693, 71.2574869109948, 71.583, 71.903, 70.433, 
    72.135, 70.831, 71.538, 71.335, 71.326, 73.56, 71.2574869109948, 
    71.895, 71.252, 70.45, 71.856, 71.725, 71.368, 71.522, 71.191, 
    70.637, 71.908, 72.151, 71.446, 71.202, 72.812, 71.744, 69.801, 
    71.238, 71.496, 71.078, 70.925, 70.804, 70.83, 72.226, 70.725, 
    70.702, 70.873, 71.018, 70.741, 71.928, 70.784, 71.19, 71.723, 
    71.641, 71.721, 71.123, 71.93, 70.809, 71.028, 72.539, 72.212, 
    70.393, 73.646, 73.878, 72.317, 70.646, 71.541, 70.638, 71.525, 
    71.162, 72.806, 70.891, 71.54, 72.887, 71.438, 70.62, 71.825, 
    71.401, 71.293, 70.825, 73.182), scrambling = c(60.11, 61.18, 
    60.42, 57.48, 60.12, 56.69, 56.68, 53.76, 66.58, 58.44, 60.64, 
    61.32, 57.85, 55.94, 58.92, 58.13, 63.89, 58.82, 53.88, 55.19, 
    59.000725388601, 63.68, 57.28, 58.76, 62.9, 55.09, 59.75, 
    57.85, 63.98, 50.73, 57.99, 61.99, 48.94, 58.77, 56.08, 53.16, 
    52.21, 61.17, 61, 62.55, 53.5, 63.42, 52.41, 55.24, 65.18, 
    59.8, 53.53, 60.09, 62.9, 54.55, 59.91, 67.37, 59.000725388601, 
    61.88, 58.01, 53.68, 59.27, 58.23, 52.76, 54.73, 65.05, 61.96, 
    61.09, 56.33, 55.46, 55.88, 62.92, 58.82, 53.9, 55.67, 58.54, 
    55.52, 57.49, 65.26, 55.98, 55.11, 59.12, 60.11, 58.45, 60.99, 
    56.95, 65.19, 55.39, 57.97, 57.79, 59.000725388601, 54.71, 
    58.95, 56.06, 58.98, 59.47, 62.47, 60.38, 57.36, 54.24, 62.43, 
    59.000725388601, 51.09, 61.27, 61.13, 59.29, 53.42, 57.99, 
    57.89, 60.09, 55.67, 58.95, 60.87, 61.57, 53.65, 59.95, 59.000725388601, 
    54.62, 60.92, 55.7, 59.32, 57.19, 59.16, 56.36, 56.32, 58.84, 
    58.58, 59.42, 61.6, 65.78, 56.63, 61.05, 61.42, 59.000725388601, 
    55.9, 54.41, 65.59, 53.87, 61.62, 60.46, 64.16, 58.17, 51.84, 
    54.72, 59.19, 64.06, 62.15, 63.54, 53.33, 58.6, 54.97, 58.45, 
    63.06, 59.81, 55.03, 57.22, 60.18, 56.38, 59.43, 63.61, 53.48, 
    60, 57.89, 66.03, 59.82, 60.59, 58.62, 63.61, 62.26, 61.4, 
    61.16, 62.99, 57.89, 67.31, 61.9, 61.29, 48, 58.89, 64, 59.24, 
    57.25, 59.78, 63.59, 60.94, 61.86, 51.01, 50.9, 51.41, 67.23, 
    60.87, 65.02, 64.16, 68.37, 60.92, 64.06, 66.07, 55.5, 65.02, 
    63.68, 60.34, 61.06, 62.02, 64.42, 51.43), STROKES.GAINED.PUTTING = c(-0.075, 
    0.074, 0.317, -0.035, -0.153, -0.133, 0.227, 0.474, 0.189, 
    0.344, -0.076, -0.197, 0.005, -0.222, -0.028, 0.122, 0.228, 
    -0.057, -0.858, -1.721, 0.026580310880829, 1.012, 0.116, 
    -0.402, 0.171, -0.031, 0.277, -0.116, 0.39, -1.023, -0.056, 
    -0.396, -0.181, 0.082, -0.028, -0.159, -0.956, 0.603, 0.207, 
    0.49, -0.233, 0.529, -0.66, -0.283, 0.869, -0.086, -0.755, 
    -0.751, 0.675, -0.018, -0.102, 0.012, 0.026580310880829, 
    -0.356, -0.308, 0.095, 0.063, -0.14, -0.448, -0.589, 0.099, 
    0.122, 0.067, 0.559, -0.267, -0.211, -0.24, 0.333, -0.281, 
    0.389, 0.274, -0.121, -0.265, 0.117, 0.054, 0.17, -0.021, 
    0.043, -0.587, -0.468, -0.083, 0.568, -0.459, 0.212, 0.217, 
    0.026580310880829, -0.421, 0.24, -0.267, 0.266, 0.387, 0.475, 
    0.578, -0.993, -0.717, 0.337, 0.026580310880829, 0.222, 0.641, 
    -0.205, 0.048, -0.321, -0.06, 0.73, 0.143, -0.241, 0.666, 
    0.451, -0.268, -0.006, 0.585, 0.026580310880829, -0.208, 
    -0.56, 0.094, 0.537, 0.544, -0.061, 0.256, -0.106, 0.43, 
    0.379, 0.382, 0.091, -0.266, 0.43, 0.821, -0.291, 0.026580310880829, 
    -0.266, -0.16, 0.003, -0.277, -0.086, -0.017, -0.287, -0.043, 
    -0.508, 0.244, 0.072, -0.093, 0.381, 0.177, 0.359, -0.123, 
    -0.607, -0.324, -0.184, 0.142, -0.046, 0.029, 0.179, 0.048, 
    0.079, 0.388, -0.434, 0.212, 0.463, 0.278, -0.314, 0.189, 
    -0.623, 0.13, -0.098, -0.146, 0.136, 0.542, -0.17, 0.627, 
    0.173, 0.353, -0.15, 0.43, 0.394, -0.165, 0.123, 0.376, 0.611, 
    -0.123, 0.134, -0.494, 0.394, -0.922, 0.605, 0.26, 0.905, 
    0.125, -0.075, -0.188, 0.461, 0.63, -0.382, -0.177, 0.423, 
    0.306, -0.095, 0.349, 0.231, -0.156), Strokes.gained.tee.to.green = c(0.333, 
    0.685, 1.521, 1.087, 0.54, 2.004, -0.204, -0.037, 0.644, 
    0.755, 1.932, 0.802, 0.856, 0.755, 2.087, 0.518, 0.754, 1.834, 
    1.049, -1.773, 0.0980569948186528, 1.21, 0.768, 0.665, 0.378, 
    1.311, 0.841, 0.552, 1.699, 0.79, 0.53, 0.993, -0.655, 0.075, 
    0.173, 0.475, 0.805, 0.174, 0.797, -0.106, 0.008, 0.587, 
    1.037, -0.686, 1.11, 0.101, -0.241, 0.051, 1.281, -0.385, 
    1.208, 1.048, 0.0980569948186528, 1.334, 0.434, 0.714, -0.132, 
    -0.018, 0.332, 0.396, 1.297, 1.019, 1.738, -0.944, -0.739, 
    1.45, 0.555, -0.531, 0.255, -0.637, -0.457, -0.046, -0.055, 
    0.711, -1.084, 0.825, 0.074, -0.038, -0.222, 0.217, 0.025, 
    -0.183, -0.3, -0.562, 0.024, 0.0980569948186528, -0.495, 
    0.093, 0.993, 0.179, -0.292, -0.46, 0.155, -0.335, -0.301, 
    -0.146, 0.0980569948186528, -2.9, -1.203, 0.866, -1.014, 
    0.249, 0.07, -0.206, -0.039, -0.551, -0.755, 0.172, 0.798, 
    0.373, -0.039, 0.0980569948186528, 0.548, 0.519, 0.19, -0.343, 
    -0.761, -0.26, -0.063, -0.389, -0.08, -1.114, -1.02, -0.232, 
    0.935, 0.224, -0.413, 0.87, 0.0980569948186528, -0.035, -0.702, 
    0.754, -0.42, 0.898, -0.123, -0.021, 0.077, -1.381, -0.19, 
    -0.659, 0.752, 0.712, -0.628, -0.481, 0.464, 0.331, 0.203, 
    0.914, -0.774, -0.777, -0.195, 0.008, -1.437, -0.754, 1.166, 
    0.488, -0.488, 0.222, 0.434, 0.78, 0.503, -0.234, 0.452, 
    0.394, 0.465, 0.376, -0.267, -0.182, 0.312, -0.17, -0.906, 
    -0.286, -0.225, -0.222, -0.594, 0.04, -0.112, -1.874, -1.263, 
    0.978, -2.019, -2.341, -0.238, 0.344, -0.014, -0.452, -0.385, 
    0.155, -1.251, -0.005, -0.312, -0.7, -0.045, 0.233, -0.696, 
    -0.312, -0.365, 0.588, -1.594)), row.names = c("Tony Finau 2016", 
"J.B. Holmes 2016", "Dustin Johnson 2016", "Gary Woodland 2016", 
"Jason Kokrak 2016", "Bubba Watson 2016", "Hudson Swafford 2016", 
"Andrew Loupe 2016", "Jamie Lovemark 2016", "Brooks Koepka 2016", 
"Rory McIlroy 2016", "Luke List 2016", "Ryan Palmer 2016", "Brendan Steele 2016", 
"Adam Scott 2016", "Jhonattan Vegas 2016", "Charles Howell III 2016", 
"Justin Rose 2016", "Robert Garrigus 2016", "Charlie Beljan 2016", 
"Harold Varner, III 2016", "Jason Day 2016", "Jimmy Walker 2016", 
"Patrick Rodgers 2016", "Sean O'Hair 2016", "Sergio Garcia 2016", 
"Daniel Berger 2016", "Justin Thomas 2016", "Rickie Fowler 2016", 
"Greg Owen 2016", "Smylie Kaufman 2016", "Lucas Glover 2016", 
"Carlos Ortiz 2016", "Martin Laird 2016", "Scott Piercy 2016", 
"Graham DeLaet 2016", "Keegan Bradley 2016", "Harris English 2016", 
"Charley Hoffman 2016", "Russell Henley 2016", "Scott Pinckney 2016", 
"Marc Leishman 2016", "Louis Oosthuizen 2016", "Angel Cabrera 2016", 
"Phil Mickelson 2016", "Nick Taylor 2016", "Matt Jones 2016", 
"Derek Ernst 2016", "Jordan Spieth 2016", "Chesson Hadley 2016", 
"Paul Casey 2016", "Patrick Reed 2016", "Seung-yul Noh 2016", 
"Kevin Chappell 2016", "Scott Stallings 2016", "Shane Lowry 2016", 
"Will Wilcox 2016", "Brett Stegmaier 2016", "Stewart Cink 2016", 
"Robert Streb 2016", "Charl Schwartzel 2016", "Branden Grace 2016", 
"Hideki Matsuyama 2016", "Hunter Mahan 2016", "Rhein Gibson 2016", 
"Henrik Stenson 2016", "Si Woo Kim 2016", "Wes Roach 2016", "Emiliano Grillo 2016", 
"Ernie Els 2016", "Morgan Hoffmann 2016", "Michael Thompson 2016", 
"James Hahn 2016", "Brandt Snedeker 2016", "Andres Gonzales 2016", 
"Billy Horschel 2016", "Scott Brown 2016", "Bronson Burgoon 2016", 
"Shawn Stefani 2016", "Jim Herman 2016", "Boo Weekley 2016", 
"Aaron Baddeley 2016", "Davis Love III 2016", "Sam Saunders 2016", 
"Fabian Gomez 2016", "Sung-hoon Kang 2016", "Pat Perez 2016", 
"Anirban Lahiri 2016", "Jason Dufner 2016", "John Senden 2016", 
"Ricky Barnes 2016", "Jonas Blixt 2016", "Patton Kizzire 2016", 
"Rory Sabbatini 2016", "Geoff Ogilvy 2016", "Tom Hoge 2016", 
"Tyrone van Aswegen 2016", "Steven Bowditch 2016", "Andrew Landry 2016", 
"Francesco Molinari 2016", "Luke Guthrie 2016", "Kevin Streelman 2016", 
"Vijay Singh 2016", "Adam Hadwin 2016", "Thomas Aiken 2016", 
"Steve Marino 2016", "Brian Harman 2016", "Retief Goosen 2016", 
"Webb Simpson 2016", "Kyle Reifers 2016", "Daniel Summerhays 2016", 
"Dawie Van Der Walt 2016", "Bernd Wiesberger 2016", "Padraig Harrington 2016", 
"Kyle Stanley 2016", "Martin Piller 2016", "Troy Merritt 2016", 
"Jason Gore 2016", "Ben Martin 2016", "Brendon de Jonge 2016", 
"Johnson Wagner 2016", "Hiroshi Iwata 2016", "Derek Fathauer 2016", 
"Camilo Villegas 2016", "Chez Reavie 2016", "Kevin Kisner 2016", 
"Jamie Donaldson 2016", "Chad Campbell 2016", "Meen Whee Kim 2016", 
"Blayne Barber 2016", "George McNeill 2016", "Russell Knox 2016", 
"J.J. Henry 2016", "Danny Lee 2016", "Henrik Norlander 2016", 
"Jeff Overton 2016", "Chris Stroud 2016", "Matt Every 2016", 
"Andy Sullivan 2016", "Cameron Smith 2016", "Chris Kirk 2016", 
"William McGirt 2016", "Scott Langley 2016", "Kelly Kraft 2016", 
"David Lingmerth 2016", "Will MacKenzie 2016", "John Huh 2016", 
"Bill Haas 2016", "Steve Wheatcroft 2016", "Erik Compton 2016", 
"Tyler Aldridge 2016", "Cameron Tringale 2016", "Carl Pettersson 2016", 
"Ian Poulter 2016", "Matt Kuchar 2016", "Vaughn Taylor 2016", 
"Michael Kim 2016", "Ryan Moore 2016", "Luke Donald 2016", "Roberto Castro 2016", 
"Zach Johnson 2016", "D.A. Points 2016", "Alex Cejka 2016", "Graeme McDowell 2016", 
"Spencer Levin 2016", "David Hearn 2016", "Freddie Jacobson 2016", 
"Rob Oppenheim 2016", "Bryce Molder 2016", "Mark Hubbard 2016", 
"Peter Malnati 2016", "Justin Hicks 2016", "Brice Garnett 2016", 
"Stuart Appleby 2016", "Chad Collins 2016", "Jason Bohn 2016", 
"Ben Crane 2016", "Brendon Todd 2016", "Tim Herron 2016", "Kevin Na 2016", 
"Robert Allenby 2016", "D.H. Lee 2016", "Ken Duke 2016", "Tim Wilkinson 2016", 
"Shane Bertsch 2016", "Steve Stricker 2016", "Zac Blair 2016", 
"Jerry Kelly 2016", "Dicky Pride 2016", "K.J. Choi 2016", "Brian Stuard 2016", 
"Abraham Ancer 2016", "Justin Leonard 2016", "Colt Knost 2016", 
"Billy Hurley III 2016", "Mark Wilson 2016", "Jon Curran 2016", 
"David Toms 2016", "Darron Stiles 2016"), .Names = c("RK", "YDS.DRIVE", 
"DRIVING.ACC.", "DRVE.TOTAL", "GREENS.IN.REG.", "PUTT.AVG.", 
"SAVE.PCT.", "birdie.conversion", "BOUNCE.BACK", "AVG.", "FASTEST.SPEED", 
"SLOWEST.SPEED", "GOING.FOR.THE.GREEN..", "HIT.FAIRWAY.PCT", 
"ONE.PUTT.PCT", "PAR.5", "prox.to.hole", "Putts.per.round", "ROUGH.TENDENCY", 
"SAND.SAVE.PERCENTAGE", "SCORING.AVG", "scrambling", "STROKES.GAINED.PUTTING", 
"Strokes.gained.tee.to.green"), class = "data.frame")
