structure(list(RK = c(2, 3, 5, 8, 13, 14, 16, 19, 22, 23, 24, 
25, 27, 28, 29, 35, 38, 43, 48, 52, 58, 59, 61, 63, 64, 65, 67, 
68, 73, 78, 81, 83, 85, 88, 99, 101, 102, 105, 106, 107, 109, 
111, 113, 115, 118, 121, 122, 124, 128, 134, 139, 142, 143, 144, 
148, 155, 163, 164, 167, 170, 175, 177, 183), YDS.DRIVE = c(314.9, 
314.2, 310.5, 304.9, 303, 302.6, 301.9, 301.6, 299.8, 299.8, 
299.7, 299.5, 299.5, 299.2, 299.2, 298.5, 297.4, 297, 296.6, 
296.2, 295.3, 295.2, 294.7, 294.6, 294.6, 294.4, 294.3, 294.2, 
293.3, 292.5, 291.8, 291.8, 291.6, 291.6, 290.6, 290.2, 290.2, 
290.1, 290, 289.9, 289.5, 289.2, 288.8, 288.5, 288.1, 287.5, 
287.4, 287.2, 286.2, 285.6, 284.9, 284.9, 284.8, 284.8, 284.1, 
282.8, 281.9, 281.4, 280.3, 279.8, 279.1, 278.2, 275.6), DRIVING.ACC. = c(56.9, 
57.2, 58.1, 54.7, 58.5, 54.7, 58.2, 55, 60.3, 53.2, 64, 56.7, 
53.8, 58, 56.8, 59.4, 63.6, 61.7, 63.6, 55.7, 60.5, 61, 53, 55.8, 
61, 58, 59.7, 47, 58.5, 56.7, 56.6, 62.3, 60.3, 62.9, 63.3, 62.2, 
62.9, 63.1, 62.9, 61.4, 66.3, 63.7, 62.5, 61.7, 60.1, 58.2, 66.5, 
64, 64.7, 62, 67.1, 67.5, 56.3, 67.6, 64.3, 64.8, 74.9, 68, 66.4, 
57.7, 71.8, 71.1, 73.3), DRVE.TOTAL = c(154, 150, 142, 181, 147, 
186, 152, 189, 136, 199, 86, 182, 201, 167, 183, 158, 105, 138, 
115, 217, 170, 166, 240, 227, 167, 205, 188, 254, 205, 234, 240, 
168, 199, 167, 173, 188, 181, 180, 188, 206, 147, 176, 198, 208, 
235, 256, 157, 185, 180, 225, 165, 160, 305, 163, 204, 206, 165, 
182, 204, 312, 181, 185, 186), GREENS.IN.REG. = c(69.8, 68.4, 
69.4, 64, 66.6, 64.9, 66.9, 58.8, 66.8, 67, 68.1, 64.5, 63.8, 
66.8, 63.4, 68.3, 68, 66, 69.4, 63.8, 64.5, 65.8, 64.1, 63.2, 
65.9, 61.6, 66.5, 61.6, 66.5, 62.7, 60.6, 64.4, 65.7, 68.8, 69.5, 
62.5, 67.5, 62.9, 62.6, 64.4, 66.1, 65.6, 66, 68.1, 69.9, 60.7, 
64.9, 64.9, 67, 65.9, 66.4, 63.7, 63.2, 66, 67.3, 65.6, 71.4, 
67.6, 66.1, 61, 66.6, 66.4, 62.4), PUTT.AVG. = c(1.785, 1.759, 
1.793, 1.82, 1.761, 1.737, 1.738, 1.767, 1.763, 1.778, 1.772, 
1.723, 1.772, 1.779, 1.776, 1.798, 1.789, 1.78, 1.775, 1.741, 
1.768, 1.768, 1.784, 1.814, 1.754, 1.771, 1.796, 1.762, 1.803, 
1.788, 1.784, 1.744, 1.768, 1.751, 1.784, 1.779, 1.803, 1.756, 
1.749, 1.776, 1.776, 1.788, 1.71, 1.791, 1.815, 1.795, 1.772, 
1.727, 1.735, 1.787, 1.784, 1.775, 1.767, 1.782, 1.7, 1.761, 
1.798, 1.781, 1.786, 1.724, 1.749, 1.758, 1.777), SAVE.PCT. = c(38.7, 
41.5, 42.6, 40.6, 44.2, 61, 48.1, 39.8, 43.2, 52.2, 55.7, 45.1, 
51.2, 52.2, 54.1, 38.7, 52.3, 47.9, 43.9, 54.4, 44.2, 41.1, 50.6, 
48, 47.1, 45.7, 54.6, 54.4, 44.4, 53, 52.6, 50.4, 50.4, 51.4, 
58.2, 52.4, 51.7, 46.4, 52.3, 58.7, 51.3, 48.1, 52.1, 53, 39.5, 
53.2, 50, 49.7, 58.9, 55.6, 47.3, 50, 53.7, 55.2, 59.1, 55.2, 
45.4, 53.4, 51.3, 55.3, 55.9, 54.6, 56), birdie.conversion = c(31.96, 
33.41, 31.03, 30.54, 31.57, 33.8, 33.26, 32.51, 32.24, 31.46, 
30.83, 33.69, 30.53, 27.63, 30.46, 28.02, 29.45, 30.06, 29.06, 
32.99, 29.38, 31.33, 28.24, 27.01, 30.67, 28.95, 30.72, 31.13, 
27.51, 28.99, 29.71, 31.42, 29.5, 32.36, 29.17, 30.12, 28.03, 
30.46, 32.53, 30.69, 29.57, 29.28, 35.33, 25.88, 25.14, 27.58, 
30.95, 32.52, 31.86, 27.36, 28.24, 28.81, 29.57, 27.62, 34.11, 
29.12, 25.98, 26.51, 27.25, 33.12, 29.65, 29.11, 27.23), BOUNCE.BACK = c(21.46, 
26.58, 20.32, 22.35, 23.53, 19.89, 20.97, 21.88, 23.7, 18.52, 
25, 25.1, 22.22, 24.52, 23.42, 22.73, 17.2, 18.67, 19.91, 26.15, 
18.91, 22.87, 16.07, 15.65, 22.57, 18.18, 16.95, 20.27, 19.33, 
20.82, 21.46, 19.47, 22.65, 24.79, 22.55, 20.25, 20.18, 21.46, 
22.4, 19.58, 20.42, 21.4, 20.26, 15.89, 18.78, 20.9, 24.91, 19.91, 
19.51, 24.14, 16.75, 19.9, 19.72, 16.82, 25.9, 19.73, 17.83, 
17.43, 18.01, 17.6, 22.04, 16.39, 18.14), AVG. = c(124.55, 122.13, 
124.34, 122.2, 117.65, 117.02, 118.01, 119.72, 118.1, 118.48, 
117.26, 114.53, 114.87, 119.43, 117.69, 115.89, 113.85, 116.67, 
117.18, 119.14, 113.5, 114.11, 115.15, 115.87, 116.5, 113.09, 
113.05, 114.85, 117.54, 113.79, 114.91, 110.92, 114.84, 111.76, 
114.89, 113.92, 112.11, 113.45, 113.08, 114.98, 113.1, 115.06, 
110.94, 118.4, 112.42, 114.24, 110.2, 110.45, 110.41, 110.6, 
108.85, 108.98, 108.94, 107.61, 111.97, 110.02, 106.13, 108.71, 
107.55, 113.12, 106.24, 106.92, 106.61), FASTEST.SPEED = c(128.29, 
125.71, 127.95, 126.13, 122, 120.72, 123.37, 122.53, 123.59, 
122.97, 120.08, 119.67, 119.89, 124.01, 121.18, 119.76, 116.91, 
120.69, 119.71, 122.4, 118.09, 117.58, 118.07, 122.04, 120.25, 
117.56, 116.25, 118.41, 123.89, 116.85, 118.26, 115.72, 119.26, 
114.95, 119.98, 117.94, 114.68, 117.24, 116.13, 117.9, 116.19, 
119.2, 113.98, 121.09, 116.81, 117.87, 113.46, 113.39, 115.62, 
113.62, 114.3, 113.16, 112.61, 112.15, 116.88, 112.87, 109.89, 
112.61, 112.68, 117.98, 110.4, 109.89, 110.27), SLOWEST.SPEED = c(121.67, 
118.63, 117.28, 115.29, 110.87, 110.67, 109.18, 116.86, 114.73, 
115.22, 113.93, 107.53, 103.71, 115.82, 111.95, 110.37, 103.12, 
112.59, 108.62, 114.63, 110.42, 110.65, 110.86, 111.44, 110.14, 
109.85, 109.1, 111.4, 113.25, 110.82, 109.6, 105.23, 108.47, 
104.53, 111.39, 110.5, 106.64, 110.45, 105.66, 111.6, 110.91, 
111.02, 107.35, 112.13, 108.26, 110.98, 106.02, 108.34, 106.82, 
106.01, 104.17, 104.96, 105.68, 104.81, 108.08, 107.14, 102.88, 
104.15, 104.31, 108.21, 102.75, 102.93, 103.7), GOING.FOR.THE.GREEN.. = c(74.04, 
69.52, 69.84, 70.66, 63.93, 63.98, 67.86, 68, 69.1, 64.6, 67.08, 
55.33, 60.83, 69.87, 57.93, 52.38, 66.14, 58.62, 65.17, 68.3, 
63.71, 54.78, 49.11, 52.58, 54.93, 50.76, 51.74, 57.01, 54.55, 
57.14, 47.06, 53.65, 60.23, 56.75, 57.02, 54.79, 59.13, 60.18, 
48.37, 47.92, 52.45, 55.3, 45.19, 43.75, 53.49, 44.44, 54.44, 
52.47, 51, 43.9, 47.77, 47.27, 42.3, 44.8, 44.39, 42.18, 39.06, 
39.84, 42.86, 50, 41.95, 42.68, 40.27), HIT.FAIRWAY.PCT = c(59.31, 
58.34, 59.14, 55.29, 60.17, 56.13, 59.14, 55.07, 61.83, 54.67, 
67.14, 58.25, 55.15, 60, 58.01, 61.94, 64, 62.41, 65.13, 57.38, 
60.44, 61.1, 55.83, 56.8, 62.56, 59.06, 60.77, 50.13, 58.8, 58.73, 
58.9, 63.22, 61.82, 64.62, 64.46, 63.49, 65.26, 64.34, 62.42, 
61.38, 68.41, 65.79, 63.51, 61.71, 61.65, 58.86, 65.56, 64.19, 
64.88, 63.6, 68.63, 68.06, 57.91, 67.98, 66.76, 66.06, 74.81, 
70.46, 66.61, 58.45, 70.7, 72.62, 73.31), ONE.PUTT.PCT = c(36.64, 
36.62, 36.2, 34.52, 39.11, 43.53, 40.91, 37.11, 36.84, 39.47, 
39.08, 41.29, 40.97, 37.7, 40.4, 35.48, 38.09, 38.79, 36.71, 
40.62, 37.85, 39.99, 40.4, 36.98, 38.74, 39.05, 38.54, 41.39, 
37.18, 35.56, 36.11, 38.83, 38.75, 39.08, 36.8, 40.96, 37.08, 
41.41, 42.76, 38.66, 37.94, 39.26, 44.77, 36.11, 32.69, 38.8, 
40.14, 42.48, 41.16, 37.33, 39.5, 36.86, 40.05, 39.21, 43.86, 
39.54, 33.78, 36.95, 36.44, 44.25, 36.97, 40.74, 36.99), PAR.5 = c(4.49, 
4.63, 4.63, 4.61, 4.64, 4.57, 4.57, 4.57, 4.65, 4.54, 4.56, 4.61, 
4.63, 4.62, 4.6, 4.67, 4.56, 4.7, 4.6, 4.59, 4.64, 4.65, 4.75, 
4.69, 4.54, 4.72, 4.64, 4.65, 4.71, 4.65, 4.67, 4.62, 4.6, 4.58, 
4.62, 4.61, 4.73, 4.71, 4.75, 4.77, 4.63, 4.68, 4.49, 4.68, 4.7, 
4.7, 4.67, 4.6, 4.58, 4.67, 4.73, 4.64, 4.75, 4.66, 4.55, 4.71, 
4.71, 4.65, 4.69, 4.58, 4.59, 4.6, 4.62), prox.to.hole = c(36, 
34.9, 35.6, 38.3, 36.6, 37.1, 35, 36.8, 35.9, 35.2, 35.9, 34, 
37.6, 35.8, 36.1, 33.3, 35.7, 37.7, 37.1, 37.5, 37.3, 36.7, 36.4, 
35.7, 34.6, 35.9, 34.1, 38.1, 34.8, 35.3, 34.7, 34.9, 35.9, 36.1, 
35.6, 34.3, 35.7, 35.7, 34.4, 34.7, 34.1, 35, 33.9, 35.11, 34.8, 
36.2, 36.7, 34.5, 34, 34.3, 35.5, 33.6, 36.6, 34.6, 32.1, 33.11, 
31.11, 33.1, 33.1, 36.1, 32.7, 33.1, 35), Putts.per.round = c(29.86, 
29.56, 29.69, 29.95, 28.91, 28.37, 28.44, 29.07, 29.41, 29.08, 
29.39, 28.35, 28.7, 29.13, 28.92, 30.04, 29.57, 29.25, 29.53, 
28.39, 29.33, 29.17, 28.98, 29.54, 29.26, 29.04, 29.53, 28.59, 
29.54, 29.3, 28.97, 28.75, 28.9, 29.21, 29.64, 28.69, 29.72, 
28.47, 28.47, 29.06, 29.38, 29.24, 27.96, 29.61, 30.39, 29.02, 
29.04, 28.51, 28.52, 29.17, 29.08, 29.23, 28.79, 29.09, 28.03, 
29.06, 30.16, 29.45, 29.25, 27.75, 28.96, 28.71, 28.96), ROUGH.TENDENCY = c(31.76, 
32.84, 33.82, 36.13, 30.5, 35.54, 30.62, 32.51, 28.46, 31.51, 
24.29, 31.48, 31.62, 30, 33.82, 26.81, 27.6, 30.76, 27.56, 34.12, 
29.52, 29.79, 33.17, 32.25, 28.79, 30.87, 30.18, 37.28, 30.53, 
30.98, 30.37, 28.77, 30.26, 26.6, 27.22, 29.07, 27.42, 28.55, 
29.26, 30.42, 23.84, 27.02, 29.46, 28.96, 29.61, 31.92, 26.54, 
28.17, 27.65, 29.07, 22.57, 25.11, 31.63, 23.86, 25.59, 23.49, 
20.16, 24.51, 24.53, 32.72, 22.71, 22.56, 21.5), SAND.SAVE.PERCENTAGE = c(38.71, 
41.48, 42.62, 40.56, 44.17, 60.96, 48.12, 39.78, 43.21, 52.17, 
55.66, 45.07, 51.18, 52.17, 54.05, 38.66, 52.32, 47.92, 43.86, 
54.38, 44.24, 41.09, 50.59, 48, 47.1, 45.71, 54.61, 54.4, 44.44, 
52.98, 52.63, 50.38, 50.35, 51.43, 58.16, 52.38, 51.66, 46.4, 
52.29, 58.75, 51.28, 48.06, 52.07, 52.99, 39.5, 53.21, 50, 49.66, 
58.86, 55.65, 47.27, 50, 53.7, 55.19, 59.09, 55.17, 45.36, 53.45, 
51.33, 55.35, 55.93, 54.61, 55.97), SCORING.AVG = c(70.625, 70.457, 
69.875, 70.966, 70.341, 69.706, 69.518, 70.696, 71.097, 69.891, 
69.872, 70.007, 70.847, 69.564, 70.211, 70.548, 70.092, 69.619, 
70.135, 70.23, 70.802, 70.735, 70.809, 70.81, 70.445, 71.024, 
70.61, 70.775, 70.572, 70.46, 70.7, 70.289, 70.783, 69.905, 70.332, 
70.277, 70.284, 70.345, 70.164, 70.731, 70.997, 70.54, 69.362, 
70.433, 71.062, 71.554, 70.621, 69.859, 69.515, 69.993, 70.434, 
71.336, 71.444, 70.526, 68.861, 70.824, 70.988, 70.37, 71.178, 
70.432, 69.706, 69.966, 70.241), scrambling = c(50.82, 51.24, 
58.2, 54.66, 59.08, 64.64, 62.96, 52.17, 53.64, 62.01, 59, 55.02, 
59.96, 60.16, 60.41, 54, 58.69, 59.77, 58.3, 59.44, 54.73, 57.69, 
59.84, 54.74, 53.74, 55.99, 57.23, 58.45, 56.6, 58.23, 57.08, 
58.46, 57.2, 58, 57.92, 61.31, 58.76, 60.08, 59.68, 58.28, 54.01, 
60.5, 64.93, 58.09, 51.07, 55.9, 58.36, 61.45, 62.91, 60.87, 
61.31, 58.25, 55.65, 62.97, 63.71, 56.33, 54.53, 58.37, 56.94, 
63.5, 61.21, 63.98, 62.55), STROKES.GAINED.PUTTING = c(-0.116, 
-0.494, -0.139, -0.284, 0.091, 0.623, 0.534, 0.518, -0.221, -0.133, 
-0.189, 0.408, -0.06, -0.148, 0.083, -0.294, -0.192, -0.037, 
0.115, 0.344, 0.169, 0.121, 0.215, -0.222, 0.257, -0.268, -0.099, 
0.237, -0.509, -0.41, 0.227, 0.415, 0.114, 0.53, 0.079, 0.222, 
-0.197, 0.543, 0.464, 0.314, 0.085, 0.385, 0.81, 0.325, -0.711, 
-0.151, 0.237, 0.589, 0.444, 0.151, 0.101, -0.003, 0.028, 0.184, 
0.922, 0.325, -0.51, -0.218, -0.682, 0.609, 0.407, 0.61, 0.198
), Strokes.gained.tee.to.green = c(0.68, 0.99, 1.098, 0.091, 
0.891, 0.352, 1.12, -0.396, 0.699, 1.24, 0.824, 0.48, -0.079, 
1.131, 0.595, 0.565, 1.03, 0.987, 0.777, 0.741, 0.002, 0.394, 
-0.017, 0.097, 0.156, 0.325, 0.649, -0.34, 0.733, 1.063, 0.408, 
0.334, 0.319, 0.637, 0.843, 0.004, 0.989, 0.284, 0.219, 0.038, 
0.112, 0.469, 0.92, -0.063, 0.871, -0.571, -0.028, 0.452, 1.097, 
0.861, 0.36, -0.168, -0.505, 0.269, 1.314, -0.087, 0.41, 0.848, 
0.458, 0.121, 0.846, 0.423, 0.451)), row.names = c("Bubba Watson 2011", 
"Dustin Johnson 2011", "Gary Woodland 2011", "Jhonattan Vegas 2011", 
"Martin Laird 2011", "Jason Day 2011", "Nick Watney 2011", "Angel Cabrera 2011", 
"Charley Hoffman 2011", "Phil Mickelson 2011", "Adam Scott 2011", 
"Rickie Fowler 2011", "Ryan Palmer 2011", "Sergio Garcia 2011", 
"Robert Karlsson 2011", "Davis Love III 2011", "Bo Van Pelt 2011", 
"Charl Schwartzel 2011", "Bill Haas 2011", "Aaron Baddeley 2011", 
"Jeff Overton 2011", "Steve Marino 2011", "Padraig Harrington 2011", 
"Sean O'Hair 2011", "Lucas Glover 2011", "Camilo Villegas 2011", 
"Vijay Singh 2011", "Anthony Kim 2011", "Ricky Barnes 2011", 
"Rory Sabbatini 2011", "Stewart Cink 2011", "Carl Pettersson 2011", 
"Jonathan Byrd 2011", "Hunter Mahan 2011", "Justin Rose 2011", 
"Y.E. Yang 2011", "Robert Allenby 2011", "Ryan Moore 2011", "Geoff Ogilvy 2011", 
"Retief Goosen 2011", "Graeme McDowell 2011", "Kevin Streelman 2011", 
"Steve Stricker 2011", "Trevor Immelman 2011", "Ernie Els 2011", 
"Stuart Appleby 2011", "D.A. Points 2011", "Brandt Snedeker 2011", 
"Matt Kuchar 2011", "K.J. Choi 2011", "Ben Crane 2011", "Jason Bohn 2011", 
"Arjun Atwal 2011", "Mark Wilson 2011", "Luke Donald 2011", "Ian Poulter 2011", 
"Heath Slocum 2011", "Jim Furyk 2011", "Alex Cejka 2011", "Kevin Na 2011", 
"David Toms 2011", "Zach Johnson 2011", "Jerry Kelly 2011"), class = "data.frame", .Names = c("RK", 
"YDS.DRIVE", "DRIVING.ACC.", "DRVE.TOTAL", "GREENS.IN.REG.", 
"PUTT.AVG.", "SAVE.PCT.", "birdie.conversion", "BOUNCE.BACK", 
"AVG.", "FASTEST.SPEED", "SLOWEST.SPEED", "GOING.FOR.THE.GREEN..", 
"HIT.FAIRWAY.PCT", "ONE.PUTT.PCT", "PAR.5", "prox.to.hole", "Putts.per.round", 
"ROUGH.TENDENCY", "SAND.SAVE.PERCENTAGE", "SCORING.AVG", "scrambling", 
"STROKES.GAINED.PUTTING", "Strokes.gained.tee.to.green"))
