structure(list(RK = c(2, 4, 5, 8, 11, 13, 16, 19, 20, 23, 27, 
29, 30, 34, 35, 41, 42, 44, 56, 58, 61, 63, 64, 66, 67, 69, 73, 
74, 76, 77, 80, 82, 83, 84, 88, 90, 91, 92, 93, 96, 101, 102, 
103, 105, 108, 111, 112, 117, 123, 124, 125, 130, 131, 133, 136, 
137, 138, 153, 156, 157, 159, 161, 169, 171, 175, 180), YDS.DRIVE = c(305.8, 
303.8, 303.7, 302.2, 300.6, 300.2, 299.3, 298.6, 298.5, 297.8, 
296.6, 296.1, 295.7, 295.3, 295.2, 294, 293.8, 293.7, 292.3, 
292, 291.5, 291.2, 291, 290.9, 290.9, 290.3, 290, 290, 289.8, 
289.6, 289.4, 289.3, 289, 289, 288.4, 288.2, 288.1, 288.1, 287.9, 
287.5, 286.7, 286.6, 286.4, 286.3, 285.9, 285.4, 285.3, 284.9, 
283.7, 283.6, 283.6, 282.3, 282.3, 282, 281.7, 281.3, 281.1, 
278.8, 278.3, 278.1, 277.9, 277.5, 275.3, 275.1, 273.9, 270.5
), DRIVING.ACC. = c(53.4, 57.6, 58.7, 57.9, 62.8, 53, 58, 65.8, 
52.2, 61.8, 63.6, 59.9, 58.7, 56.3, 58.7, 56.2, 64.2, 61.6, 64.7, 
56.1, 60.5, 62.4, 61.3, 70.1, 66.4, 62.6, 57.2, 66.6, 64.2, 57.7, 
67.8, 60.6, 59.6, 64.7, 61.4, 62.3, 62.3, 58.9, 57.3, 67.3, 62.8, 
58.8, 62.3, 66.3, 64.8, 63.3, 58.4, 58.9, 56.5, 61.2, 70.7, 68.4, 
67.4, 68.5, 62.4, 62.6, 63.5, 69.7, 66, 62.9, 59.3, 68.5, 70.5, 
69.3, 70.3, 55.1), DRVE.TOTAL = c(2, 4, 5, 8, 11, 13, 16, 19, 
20, 23, 27, 29, 30, 34, 35, 40, 42, 43, 56, 58, 61, 63, 64, 66, 
66, 69, 73, 73, 75, 77, 80, 82, 83, 83, 87, 90, 91, 91, 93, 94, 
101, 102, 103, 104, 107, 111, 112, 116, 123, 124, 124, 130, 130, 
133, 136, 137, 138, 153, 156, 157, 159, 161, 169, 170, 175, 180
), GREENS.IN.REG. = c(66.7, 67, 69.4, 65.5, 66.5, 62, 64.9, 70.5, 
66.1, 68.8, 68.9, 65.8, 64.6, 61.2, 66, 65, 67.5, 66.4, 66, 63.8, 
63.9, 68.5, 67.5, 72, 69.4, 65.2, 67.8, 67.6, 68.9, 61.7, 66.9, 
66, 65.9, 64.2, 64.8, 67.8, 69.1, 65.5, 66.7, 66.4, 62.7, 65.1, 
63.6, 68.8, 67.5, 66.7, 63.7, 65.8, 60.9, 66.5, 71.2, 64.3, 67.3, 
66.6, 63.5, 65.7, 62.8, 68.1, 65.9, 62.2, 62.5, 62.7, 68.3, 63.1, 
62, 56.9), PUTT.AVG. = c(1.778, 1.763, 1.795, 1.744, 1.771, 1.781, 
1.759, 1.799, 1.758, 1.775, 1.781, 1.746, 1.775, 1.766, 1.749, 
1.816, 1.745, 1.833, 1.771, 1.76, 1.811, 1.808, 1.75, 1.784, 
1.805, 1.816, 1.809, 1.785, 1.762, 1.769, 1.734, 1.812, 1.733, 
1.762, 1.824, 1.777, 1.888, 1.754, 1.718, 1.789, 1.79, 1.789, 
1.752, 1.773, 1.781, 1.759, 1.742, 1.75, 1.779, 1.838, 1.731, 
1.788, 1.774, 1.811, 1.785, 1.734, 1.775, 1.783, 1.791, 1.747, 
1.778, 1.801, 1.767, 1.773, 1.789, 1.746), SAVE.PCT. = c(42.7, 
40.3, 46.1, 43.3, 56.3, 64.9, 61.4, 48.9, 54.7, 53.8, 59.3, 50.7, 
50.3, 61, 52.7, 36.9, 53.1, 43.1, 55.7, 59.7, 36.8, 44.1, 50, 
46.2, 49.7, 55, 53.4, 48.5, 50, 49.4, 51.6, 43.8, 49.2, 49.6, 
46, 50.8, 48.6, 52.7, 55.6, 48.3, 44.1, 46.2, 60.3, 53.9, 51.5, 
55.6, 49.6, 64.9, 54.2, 47.9, 54.7, 50.9, 54, 52.3, 57.1, 60.5, 
47.1, 44.4, 67.2, 55.8, 56.9, 52.9, 55.4, 43.7, 52, 58.3), birdie.conversion = c(31.35, 
30.74, 30.41, 33.13, 30.7, 31.86, 30.65, 29.34, 31.39, 29.21, 
30.28, 33.17, 29.88, 30.23, 31.94, 28.25, 31.85, 27.26, 30.08, 
31.05, 26.28, 28.5, 29.62, 29.35, 27.87, 28.22, 28.32, 29.07, 
30.49, 28.4, 32.01, 26.89, 32.35, 31.11, 27.41, 27.65, 22.27, 
32.06, 34.97, 28.36, 26.9, 27.25, 30.5, 28.33, 28.62, 30.58, 
29.3016923076923, 30.65, 27.4, 22.67, 31.77, 29.23, 29.28, 26.29, 
26.57, 32.8, 29.77, 27.76, 26.53, 30.76, 26.93, 26.27, 27.69, 
27.72, 27.39, 30.98), BOUNCE.BACK = c(27.91, 19.55, 24.4, 18.82, 
22.27, 20.86, 15.12, 23.85, 18.26, 15, 22.82, 22.92, 19.03, 21.97, 
22.34, 15.95, 22.26, 18.92, 16.59, 18.11, 15.64, 18, 26.38, 22.08, 
18.09, 15.96, 21.56, 21.52, 20.09, 22.4, 20.09, 21.1, 26.67, 
21.21, 19.59, 21, 17.74, 21.8, 22.34, 18.03, 17.05, 15.22, 18.81, 
21.32, 20.93, 24.17, 20.1241538461538, 17.09, 20.47, 16.16, 22.22, 
21.56, 20.24, 17.39, 20.14, 22.27, 24.26, 23.22, 17.89, 22.58, 
18.69, 15.44, 18.32, 19.4, 16.76, 18.23), AVG. = c(122, 122.27, 
122.97, 121.25, 118.61, 116.94, 120.26, 120.96, 118.42, 119.63, 
115.15, 118.11, 119.33, 113.18, 118.07, 120.15, 113.08, 117.03, 
117.81, 117.62, 119.98, 119.66, 120.78, 120.48, 114.39, 115.8, 
117.1, 112.42, 114.94, 111.79, 111.93, 115.84, 112.55, 113.98, 
117.14, 114.86, 111.92, 113.24, 116.25, 114, 111.47, 116.29, 
115.64, 115.95, 112.32, 113.56, 114.848769230769, 110.7, 112.05, 
118.12, 111.06, 110.79, 112.56, 110.76, 112.26, 110.59, 109.54, 
108.01, 109.38, 110.27, 108.02, 110.22, 109.62, 110.46, 104.58, 
109.06), FASTEST.SPEED = c(125.71, 126.12, 126.68, 124.72, 120.68, 
120.36, 124.1, 125.05, 122.1, 122.63, 117.89, 121.6, 124.96, 
117.9, 122.26, 124.53, 116.73, 119.94, 121, 121.36, 123.49, 122.44, 
126.18, 123.18, 120.85, 118.74, 122.24, 118.75, 119.79, 114.96, 
114.61, 122.45, 116.77, 118.87, 121.9, 117.49, 115.57, 117.98, 
119.67, 117.52, 115.4, 119.85, 119.47, 120.12, 117.6, 116.75, 
118.682615384615, 113.74, 116.47, 120.92, 113.65, 115.45, 115.42, 
114.41, 115.88, 113.75, 113.85, 110.83, 113.29, 113.44, 111.28, 
114.38, 114.67, 114.41, 107.57, 112), SLOWEST.SPEED = c(118.58, 
118.41, 119.34, 117.55, 115.59, 114.63, 115.24, 117.35, 115.06, 
117.33, 112.14, 115.64, 115.58, 109.9, 114.25, 116.45, 108.48, 
113.3, 114.63, 114.66, 117.17, 116.34, 117.9, 113.86, 111.13, 
113.94, 110.36, 109.99, 109.03, 108.69, 109.23, 112.34, 108.32, 
104.71, 113.59, 111.71, 108.6, 109.33, 111.53, 105.84, 107.67, 
112.5, 112.8, 113.44, 106.87, 109.7, 111.120307692308, 108.11, 
107.86, 114.64, 109.12, 107.36, 109.37, 105.6, 109.01, 107.68, 
103.91, 104.89, 106.46, 107.72, 104.7, 106.92, 105.53, 105.68, 
101.51, 106.05), GOING.FOR.THE.GREEN.. = c(65.93, 61.15, 69.6, 
62.05, 71.15, 62.19, 56.62, 56.47, 55.87, 66.25, 55.97, 66.14, 
55.6, 57.14, 55.82, 62.56, 51.74, 61.46, 56.38, 54.03, 57.49, 
54.71, 59.65, 71.33, 58.99, 62.5, 50, 63.08, 63.16, 52.63, 58.01, 
55.61, 49.48, 49.35, 61.7, 51.78, 52.17, 62.54, 59.72, 55.88, 
45.52, 58.67, 53, 52.82, 47.87, 57.6, 53.3256923076923, 51.18, 
49.79, 37.21, 47.79, 47.06, 45.45, 51.08, 46.67, 45.97, 46.47, 
45.45, 34.21, 39.88, 32.87, 39.39, 29.18, 31.54, 42.07, 33.53
), HIT.FAIRWAY.PCT = c(53.21, 58.48, 59.17, 58.54, 64.66, 54.56, 
58.74, 67.29, 53.17, 62.34, 63.59, 60.84, 61.07, 54.37, 59.79, 
57.23, 64.17, 61.79, 65.7, 56.24, 60.21, 63.11, 61.02, 72.65, 
66.46, 63.7, 58.98, 66.88, 63.78, 59.43, 68.39, 60.59, 60.04, 
66.01, 63.24, 63.33, 61.09, 59.28, 57.27, 67.23, 65.44, 59.41, 
63.17, 66.99, 65.14, 64.51, 62.8212307692308, 58.46, 58.42, 61.08, 
72.24, 69.1, 68.19, 68.35, 64.15, 62.3, 63.91, 70.09, 69.06, 
61.95, 59.74, 69.5, 70.87, 70.18, 69.23, 54.26), ONE.PUTT.PCT = c(37.78, 
37.65, 36.45, 41.41, 38.83, 42.48, 41.74, 37, 40.34, 35.83, 37.41, 
39.05, 40.65, 41.6, 40.35, 35.92, 39.35, 33.59, 40.5, 41.97, 
35.34, 35.79, 39.15, 36.37, 35.17, 38.16, 35.29, 37.12, 36.71, 
38.35, 41.19, 35.26, 43.51, 40.03, 35.63, 37.57, 31.33, 40.76, 
42.31, 38.31, 38.59, 39.03, 40.99, 38.13, 38.6, 39.08, 38.8112307692308, 
41.06, 42.32, 35.59, 41.13, 39.51, 39, 36.49, 39.31, 42.76, 39.21, 
37.15, 38.96, 41.86, 40.26, 39.34, 37.68, 39.66, 39.8, 43.97), 
    PAR.5 = c(4.61, 4.67, 4.61, 4.69, 4.51, 4.6, 4.6, 4.59, 4.63, 
    4.58, 4.6, 4.58, 4.67, 4.58, 4.63, 4.75, 4.62, 4.71, 4.63, 
    4.62, 4.76, 4.65, 4.57, 4.57, 4.6, 4.73, 4.65, 4.63, 4.59, 
    4.62, 4.62, 4.65, 4.69, 4.7, 4.66, 4.71, 4.75, 4.71, 4.6, 
    4.64, 4.71, 4.72, 4.62, 4.59, 4.73, 4.62, 4.65323076923077, 
    4.54, 4.71, 4.75, 4.52, 4.66, 4.58, 4.73, 4.73, 4.61, 4.68, 
    4.68, 4.68, 4.68, 4.74, 4.75, 4.7, 4.76, 4.69, 4.7), prox.to.hole = c(34.3, 
    34.8, 35.3, 35.7, 35.4, 38.3, 36.4, 33.4, 35.6, 34.2, 32.2, 
    34.2, 35.6, 35.6, 35.8, 37.11, 35.3, 35, 35.7, 36.2, 36.7, 
    33.1, 36, 35.1, 34.1, 34.3, 34, 36.2, 33.2, 34.5, 33, 37, 
    32.11, 34.7, 35.5, 35.5, 33.1, 34.1, 35.2, 33.4, 33.6, 36.1, 
    34.9, 33.9, 34.3, 34.1, 34.7158461538462, 34, 37.9, 35.9, 
    33.1, 35, 33.11, 35.5, 34.4, 33.2, 35.5, 33.6, 33.2, 34.2, 
    35.5, 33.7, 31.3, 33.1, 33.1, 37.4), Putts.per.round = c(29.4, 
    29.34, 29.85, 28.85, 28.94, 28.48, 28.63, 29.63, 28.87, 29.52, 
    29.3, 29.01, 29, 28.67, 28.95, 29.73, 29.14, 30.51, 28.89, 
    28.6, 29.86, 29.99, 28.92, 29.91, 30.13, 29.42, 29.99, 29.41, 
    29.51, 28.98, 28.68, 29.96, 28.26, 28.94, 30, 29.27, 30.89, 
    29.01, 28.56, 29.33, 29.11, 29.25, 28.65, 29.1, 29.4, 28.93, 
    29.1750769230769, 28.64, 28.39, 29.94, 28.68, 29.18, 29.24, 
    29.64, 28.83, 28.38, 29.08, 29.35, 29.12, 28.21, 28.7, 29.04, 
    29.31, 28.92, 28.89, 28.07), ROUGH.TENDENCY = c(35.38, 30.33, 
    30.98, 28.29, 27.21, 29.87, 29.37, 25.36, 32.78, 28.62, 25.94, 
    28.59, 27.96, 35.59, 28.08, 31.88, 25.28, 28.59, 25.08, 31.66, 
    28.34, 26.81, 28.26, 20.92, 23.74, 24.01, 28.39, 24.92, 26.72, 
    27.9, 23.23, 31.12, 28.67, 25.79, 27.53, 27.4, 28.51, 30.27, 
    31.4, 24.6, 25.44, 29.65, 26.83, 24.65, 27, 26.26, 27.3004615384615, 
    30.38, 30.02, 29.19, 21.02, 23.74, 22.96, 23.45, 27.02, 28.8, 
    27.07, 22.97, 22.03, 25.79, 31.35, 20.66, 22.27, 22.53, 22.58, 
    35.5), SAND.SAVE.PERCENTAGE = c(42.72, 40.3, 46.08, 43.33, 
    56.25, 64.91, 61.36, 48.85, 54.74, 53.85, 59.26, 50.66, 50.34, 
    61.02, 52.74, 36.94, 53.07, 43.12, 55.73, 59.71, 36.84, 44.07, 
    50, 46.24, 49.65, 55, 53.4, 48.53, 50, 49.44, 51.64, 43.75, 
    49.23, 49.65, 45.98, 50.82, 48.6, 52.74, 55.65, 48.25, 44.14, 
    46.15, 60.34, 53.9, 51.55, 55.56, 51.6344615384615, 64.9, 
    54.23, 47.92, 54.72, 50.94, 53.96, 52.27, 57.14, 60.48, 47.1, 
    44.44, 67.18, 55.81, 56.86, 52.86, 55.37, 43.66, 52.04, 58.26
    ), SCORING.AVG = c(70.115, 70.733, 70.276, 70.288, 69.724, 
    71.335, 69.732, 70.089, 70.332, 69.3, 69.225, 69.651, 71.135, 
    70.368, 70.438, 70.897, 70.244, 71.577, 70.245, 70.807, 72.271, 
    70.78, 69.543, 69.248, 70.611, 70.158, 70.633, 70.106, 70.632, 
    70.491, 69.668, 70.97, 70.206, 70.57, 70.559, 70.023, 70.995, 
    71.023, 69.742, 70.267, 71.348, 70.532, 70.212, 70.154, 69.912, 
    69.783, 70.4040769230769, 69.561, 71.11, 71.491, 68.893, 
    70.825, 70.494, 70.758, 70.382, 69.791, 71.116, 70.073, 70.322, 
    69.793, 71.016, 70.503, 69.828, 71.025, 70.693, 71.643), 
    scrambling = c(53.22, 54.58, 54.48, 54.68, 60.88, 62.47, 
    61.39, 59.72, 60.62, 56.38, 60.71, 55.02, 55.07, 58.33, 56.11, 
    55.43, 55.69, 51.91, 63.98, 60.44, 49.34, 56.35, 57.45, 57.28, 
    55.35, 61.57, 53.16, 58.87, 54.75, 58.08, 61.07, 53.97, 65.38, 
    57.17, 52.59, 62.01, 57.23, 56.52, 58.55, 59.42, 56.65, 57.64, 
    59.59, 62.56, 59.11, 57.95, 58.4429230769231, 63.55, 61.5, 
    59.13, 65.57, 57.68, 61.47, 59.36, 61.49, 60.86, 55.92, 59.66, 
    62.98, 61.52, 60.52, 61.09, 59.55, 56.92, 60.19, 59.11), 
    STROKES.GAINED.PUTTING = c(-0.103, 0.062, -0.092, -0.091, 
    0.249, -0.05, 0.369, 0.097, 0.278, -0.001, -0.191, 0.304, 
    0.149, 0.481, 0.478, 0.058, 0.373, -0.858, 0.146, 0.348, 
    -0.215, 0.004, 0.611, 0.005, -0.678, -0.484, -0.243, 0.38, 
    -0.284, -0.138, 0.18, -0.139, 0.456, 0.611, 0.134, 0.266, 
    -0.901, -0.093, 0.658, 0.246, -0.071, 0.081, 0.422, 0.025, 
    -0.23, 0.314, 0.0951692307692308, 0.399, 0.314, -0.363, 0.73, 
    -0.027, -0.469, -0.228, 0.176, 0.691, -0.163, 0.364, 0.337, 
    0.53, 0.429, 0.134, 0.092, -0.027, 0.058, 0.286), Strokes.gained.tee.to.green = c(0.847, 
    0.355, 1.161, 1.076, 1.129, -0.375, 0.556, 0.931, 0.591, 
    1.311, 1.914, 0.965, -0.434, 0.028, 0.077, -0.023, 0.221, 
    0.711, 0.667, -0.283, -0.961, 0.469, 0.908, 1.612, 0.742, 
    1.048, 0.605, 0.7, 0.705, 0.446, 1.247, 0.166, 0.47, 0.115, 
    0.001, 0.948, 0.796, 0.322, 0.703, 0.555, -0.543, 0.211, 
    0.333, 0.688, 0.811, 0.918, 0.488646153846154, 0.982, -0.744, 
    0.027, 1.463, 0.377, 0.869, 0.504, 0.338, 0.377, 0.103, 0.458, 
    0.481, 0.749, -0.134, 0.409, 1.275, -0.073, 0.025, -1.164
    )), row.names = c("Dustin Johnson 2013", "Gary Woodland 2013", 
"Bubba Watson 2013", "Rory McIlroy 2013", "Keegan Bradley 2013", 
"Steven Bowditch 2013", "Jason Day 2013", "Graham DeLaet 2013", 
"Jimmy Walker 2013", "Adam Scott 2013", "Justin Rose 2013", "Charl Schwartzel 2013", 
"Scott Stallings 2013", "Peter Hanson 2013", "Harris English 2013", 
"Angel Cabrera 2013", "Billy Horschel 2013", "Lucas Glover 2013", 
"Matt Jones 2013", "Patrick Reed 2013", "Derek Ernst 2013", "Nick Watney 2013", 
"Sergio Garcia 2013", "Henrik Stenson 2013", "Boo Weekley 2013", 
"Lee Westwood 2013", "Stewart Cink 2013", "Hunter Mahan 2013", 
"Kevin Stadler 2013", "Ernie Els 2013", "Jordan Spieth 2013", 
"John Senden 2013", "Chris Kirk 2013", "Russell Henley 2013", 
"Martin Kaymer 2013", "Bill Haas 2013", "Vijay Singh 2013", "Matt Every 2013", 
"Phil Mickelson 2013", "Kevin Streelman 2013", "Y.E. Yang 2013", 
"Marc Leishman 2013", "Rickie Fowler 2013", "Brendon de Jonge 2013", 
"Jason Dufner 2013", "Webb Simpson 2013", "Sang-Moon Bae 2013", 
"Matt Kuchar 2013", "Jonas Blixt 2013", "Trevor Immelman 2013", 
"Steve Stricker 2013", "Ryan Moore 2013", "Roberto Castro 2013", 
"John Huh 2013", "Ian Poulter 2013", "Brandt Snedeker 2013", 
"D.A. Points 2013", "Zach Johnson 2013", "K.J. Choi 2013", "Luke Donald 2013", 
"David Lynn 2013", "Graeme McDowell 2013", "Jim Furyk 2013", 
"Ken Duke 2013", "Tim Clark 2013", "Mike Weir 2013"), class = "data.frame", .Names = c("RK", 
"YDS.DRIVE", "DRIVING.ACC.", "DRVE.TOTAL", "GREENS.IN.REG.", 
"PUTT.AVG.", "SAVE.PCT.", "birdie.conversion", "BOUNCE.BACK", 
"AVG.", "FASTEST.SPEED", "SLOWEST.SPEED", "GOING.FOR.THE.GREEN..", 
"HIT.FAIRWAY.PCT", "ONE.PUTT.PCT", "PAR.5", "prox.to.hole", "Putts.per.round", 
"ROUGH.TENDENCY", "SAND.SAVE.PERCENTAGE", "SCORING.AVG", "scrambling", 
"STROKES.GAINED.PUTTING", "Strokes.gained.tee.to.green"))
